"DATE"	"CEU0500000002"	"CEU0500000003"	"CNP16OV"	"CPIAUCSL"	"CPILFESL"	"GS1"	"GS10"	"GS5"	"LFWA64TTUSM647S"	"LNU01000000"	"LNU03000000"	"LNU05000000"	"PCEPI"	"PCEPILFE"	"PCETRIM1M158SFRBDAL"	"POPTHM"	"STLPPM"
1947-01-01				21.48													
1947-02-01				21.62													
1947-03-01				22													
1947-04-01				22													
1947-05-01				21.95													
1947-06-01				22.08													
1947-07-01				22.23													
1947-08-01				22.4													
1947-09-01				22.84													
1947-10-01				22.91													
1947-11-01				23.06													
1947-12-01				23.41													
1948-01-01			102603	23.68						58690	2351						
1948-02-01			102698	23.67						59247	2807						
1948-03-01			102771	23.5						59247	2646						
1948-04-01			102831	23.82						59878	2407						
1948-05-01			102923	24.01						59777	2014						
1948-06-01			102992	24.15						62132	2408						
1948-07-01			103216	24.4						62366	2411						
1948-08-01			103240	24.43						61915	2238						
1948-09-01			103291	24.36						61398	2061						
1948-10-01			103361	24.31						61037	1747						
1948-11-01			103424	24.16						61024	2033						
1948-12-01			103468	24.05						60759	2205						
1949-01-01			103529	24.01						59481	2995						
1949-02-01			103559	23.91						59794	3474						
1949-03-01			103665	23.91						60192	3383						
1949-04-01			103739	23.92						60206	3277						
1949-05-01			103845	23.91						61185	3516						
1949-06-01			103930	23.92						62197	3966						
1949-07-01			104042	23.7						62559	4388						
1949-08-01			104121	23.7						62460	3956						
1949-09-01			104219	23.75						61959	3635						
1949-10-01			104338	23.67						61838	3788						
1949-11-01			104421	23.7						62186	3570						
1949-12-01			104524	23.61						61402	3690						
1950-01-01			104619	23.51						60837	4648						
1950-02-01			104737	23.61						60988	4791						
1950-03-01			104844	23.64						61046	4313						
1950-04-01			104943	23.65						61477	3665						
1950-05-01			105014	23.77						61982	3263						
1950-06-01			105104	23.88						63548	3551						
1950-07-01			105194	24.07						63155	3316						
1950-08-01			105282	24.2						63561	2613						
1950-09-01			105269	24.34						62735	2490						
1950-10-01			105096	24.5						62763	2055						
1950-11-01			104979	24.6						62669	2356						
1950-12-01			104872	24.98						61761	2409						
1951-01-01			104844	25.38						60815	2649						
1951-02-01			104604	25.83						60640	2538						
1951-03-01			104629	25.88						61689	2323						
1951-04-01			104541	25.92						61144	1938						
1951-05-01			104491	25.99						61989	1770						
1951-06-01			104488	25.93						62505	2132						
1951-07-01			104504	25.91						63040	2072						
1951-08-01			104536	25.86						62934	1806						
1951-09-01			104588	26.03						62294	1886						
1951-10-01			104690	26.16						62660	1754						
1951-11-01			104740	26.32						62454	1990						
1951-12-01			104810	26.47						62048	1796						
1952-01-01			104862	26.45						61142	2258						
1952-02-01			104868	26.41						61174	2340						
1952-03-01			104860	26.39						60914	2002						
1952-04-01			104906	26.46						61068	1836						
1952-05-01			104996	26.47						62032	1782						
1952-06-01			105118	26.53						63020	2032						
1952-07-01			105246	26.68						62860	2085						
1952-08-01			105346	26.69						62790	1918						
1952-09-01			105436	26.63						62890	1728						
1952-10-01			105591	26.69						62472	1480						
1952-11-01			105706	26.69						62988	1594						
1952-12-01			105812	26.71						62293	1545						
1953-01-01			106594	26.64						62266	2132						
1953-02-01			106678	26.59						62235	1964						
1953-03-01			106744	26.63						62702	1828						
1953-04-01			106826	26.69		2.36	2.83	2.62		62521	1764						
1953-05-01			106910	26.7		2.48	3.05	2.87		62597	1536						
1953-06-01			106978	26.77		2.45	3.11	2.94		63898	1732						
1953-07-01			107034	26.79		2.38	2.93	2.75		63896	1710						
1953-08-01			107132	26.85		2.28	2.95	2.8		63783	1512						
1953-09-01			107253	26.89		2.2	2.87	2.71		63148	1619						
1953-10-01			107383	26.95		1.79	2.66	2.43		63377	1572						
1953-11-01			107504	26.85		1.67	2.68	2.42		63319	2017						
1953-12-01			107623	26.87		1.66	2.59	2.32		62430	2634						
1954-01-01			107763	26.94		1.41	2.48	2.17		62206	3561						
1954-02-01			107880	26.99		1.14	2.47	2.04		63042	3983						
1954-03-01			107987	26.93		1.13	2.37	1.93		63156	4037						
1954-04-01			108080	26.86		0.96	2.29	1.87		63383	3846						
1954-05-01			108184	26.93		0.85	2.37	1.92		63678	3658						
1954-06-01			108267	26.94		0.82	2.38	1.92		64178	3681						
1954-07-01			108344	26.86		0.84	2.3	1.85		64202	3679						
1954-08-01			108440	26.85		0.88	2.36	1.9		64328	3470						
1954-09-01			108546	26.81		1.03	2.38	1.96		64385	3433						
1954-10-01			108668	26.72		1.17	2.43	2.02		64139	2929						
1954-11-01			108798	26.78		1.14	2.48	2.09		64016	3115						
1954-12-01			108892	26.77		1.21	2.51	2.16		62999	3009						
1955-01-01			109059	26.77		1.39	2.61	2.32		63023	3669						
1955-02-01			109078	26.82		1.57	2.65	2.38		62905	3569						
1955-03-01			109254	26.79		1.59	2.68	2.48		63147	3297						
1955-04-01			109377	26.79		1.75	2.75	2.55		64023	3162						
1955-05-01			109544	26.77		1.9	2.76	2.56		64470	2690						
1955-06-01			109680	26.71		1.91	2.78	2.59		65461	2893						
1955-07-01			109792	26.76		2.02	2.9	2.72		66159	2662						
1955-08-01			109882	26.72		2.37	2.97	2.86		66412	2536						
1955-09-01			109977	26.85		2.36	2.97	2.85		66014	2338						
1955-10-01			110085	26.82		2.39	2.88	2.76		66422	2284						
1955-11-01			110177	26.88		2.48	2.89	2.81		66376	2536						
1955-12-01			110296	26.87		2.73	2.96	2.93		65869	2601						
1956-01-01			110390	26.83		2.58	2.9	2.84		65115	3066						
1956-02-01			110478	26.86		2.49	2.84	2.74		64865	3092						
1956-03-01			110582	26.89		2.61	2.96	2.93		65267	3095						
1956-04-01			110650	26.93		2.92	3.18	3.2		65712	2710						
1956-05-01			110810	27.03		2.94	3.07	3.08		66844	2799						
1956-06-01			110903	27.15		2.74	3	2.97		67886	3179						
1956-07-01			111019	27.29		2.76	3.11	3.12		67924	2984						
1956-08-01			111099	27.31		3.1	3.33	3.41		67552	2467						
1956-09-01			111222	27.35		3.35	3.38	3.47		67104	2273						
1956-10-01			111335	27.51		3.28	3.34	3.4		67165	2091						
1956-11-01			111432	27.51		3.44	3.49	3.56		66909	2599						
1956-12-01			111526	27.63		3.68	3.59	3.7		66279	2660						
1957-01-01			111626	27.67	28.5	3.37	3.46	3.47		65180	3206						
1957-02-01			111711	27.8	28.6	3.38	3.34	3.39		65597	3085						
1957-03-01			111824	27.86	28.7	3.42	3.41	3.46		65956	2822						
1957-04-01			111933	27.93	28.8	3.49	3.48	3.53		66139	2627						
1957-05-01			112031	28	28.8	3.48	3.6	3.64		66848	2635						
1957-06-01			112172	28.11	28.9	3.65	3.8	3.83		68258	3131						
1957-07-01			112317	28.19	29	3.81	3.93	4		68569	2843						
1957-08-01			112421	28.28	29	4.01	3.93	4		67535	2526						
1957-09-01			112554	28.32	29.1	4.07	3.92	4.03		67272	2503						
1957-10-01			112710	28.32	29.2	4.01	3.97	4.08		67577	2465						
1957-11-01			112874	28.41	29.3	3.57	3.72	3.72		67256	3127						
1957-12-01			113013	28.47	29.3	3.18	3.21	3.08		66930	3332						
1958-01-01			113138	28.64	29.3	2.65	3.09	2.88		65972	4464						
1958-02-01			113234	28.7	29.4	1.99	3.05	2.78		66381	5116						
1958-03-01			113337	28.87	29.5	1.84	2.98	2.64		66722	5155						
1958-04-01			113415	28.94	29.5	1.45	2.88	2.46		67180	5064						
1958-05-01			113534	28.94	29.5	1.37	2.92	2.41		67930	4832						
1958-06-01			113647	28.91	29.6	1.23	2.97	2.46		68875	5223						
1958-07-01			113727	28.89	29.6	1.61	3.2	2.77		68908	5098						
1958-08-01			113835	28.94	29.6	2.5	3.54	3.29		68625	4607						
1958-09-01			113977	28.91	29.7	3.05	3.76	3.69		67824	4058						
1958-10-01			114138	28.91	29.7	3.19	3.8	3.78		68230	3750						
1958-11-01			114283	28.95	29.8	3.1	3.74	3.7		67675	3785						
1958-12-01			114429	28.97	29.9	3.29	3.86	3.82		67334	4068						
1959-01-01			114582	29.01	29.9	3.36	4.02	4.01		66730	4678		15.164	15.501		175818	
1959-02-01			114712	29	29.9	3.54	3.96	3.96		66713	4698		15.179	15.513		176044	
1959-03-01			114849	28.97	30	3.61	3.99	3.99		67389	4298		15.189	15.531		176274	
1959-04-01			114986	28.98	30	3.72	4.12	4.12		67799	3558		15.219	15.57		176503	
1959-05-01			115144	29.04	30.1	3.96	4.31	4.35		68363	3327		15.227	15.589		176723	
1959-06-01			115287	29.11	30.2	4.07	4.34	4.5		69704	3780		15.271	15.635		176954	
1959-07-01			115429	29.15	30.2	4.39	4.4	4.58		69798	3605		15.303	15.672		177208	
1959-08-01			115555	29.18	30.2	4.42	4.43	4.57		69244	3347		15.325	15.697		177479	
1959-09-01			115668	29.25	30.3	5	4.68	4.9		68609	3195		15.365	15.738		177755	
1959-10-01			115798	29.35	30.4	4.8	4.53	4.72		69122	3231		15.402	15.765		178026	
1959-11-01			115916	29.35	30.4	4.81	4.53	4.75		68513	3636		15.412	15.794		178273	
1959-12-01			116040	29.41	30.5	5.14	4.69	5.01		68448	3521		15.43	15.818		178504	
1960-01-01			116594	29.37	30.5	5.03	4.72	4.92		67494	4119		15.421	15.822		178925	
1960-02-01			116702	29.41	30.6	4.66	4.49	4.69		67757	3886		15.437	15.852		179326	
1960-03-01			116827	29.41	30.6	4.02	4.25	4.31		67771	4164		15.446	15.853		179707	
1960-04-01			116910	29.54	30.6	4.04	4.28	4.29		69057	3607		15.502	15.882		180067	
1960-05-01			117033	29.57	30.6	4.21	4.35	4.49		69722	3380		15.518	15.908		180408	
1960-06-01			117167	29.61	30.7	3.36	4.15	4.12		71460	4172		15.525	15.917		180728	
1960-07-01			117281	29.55	30.6	3.2	3.9	3.79		71123	3884		15.553	15.945		181028	
1960-08-01			117431	29.61	30.6	2.95	3.8	3.62		70715	3711		15.579	15.968		181308	
1960-09-01			117521	29.61	30.6	3.07	3.8	3.61		70207	3315		15.588	15.981		181567	
1960-10-01			117643	29.75	30.8	3.04	3.89	3.76		70100	3537		15.606	15.99		181807	
1960-11-01			117829	29.78	30.8	3.08	3.93	3.81		70361	3967		15.659	16.033		182026	
1960-12-01			118001	29.81	30.7	2.86	3.84	3.67		69757	4470		15.662	16.028		182225	
1961-01-01			118155	29.84	30.8	2.81	3.84	3.67		69132	5335		15.665	16.032		182404	
1961-02-01			118250	29.84	30.8	2.93	3.78	3.66		69523	5654		15.679	16.048		182631	
1961-03-01			118358	29.84	30.9	2.88	3.74	3.6		70123	5423		15.67	16.053		182867	
1961-04-01			118503	29.81	30.9	2.88	3.78	3.57		69844	4887		15.661	16.075		183105	
1961-05-01			118638	29.84	30.9	2.87	3.71	3.47		70502	4671		15.67	16.096		183335	
1961-06-01			118767	29.84	31	3.06	3.88	3.81		72464	5313		15.677	16.12		183572	
1961-07-01			118889	29.92	31	2.92	3.92	3.84		71872	4961		15.711	16.145		183825	
1961-08-01			119006	29.94	31.1	3.06	4.04	3.96		71468	4440		15.724	16.162		184101	
1961-09-01			119107	29.98	31.1	3.06	3.98	3.9		70070	4034		15.742	16.194		184384	
1961-10-01			119202	29.98	31.1	3.05	3.92	3.8		70649	3863		15.741	16.199		184654	
1961-11-01			119153	29.98	31.2	3.07	3.94	3.82		70289	3941		15.742	16.202		184900	
1961-12-01			119214	30.01	31.2	3.18	4.06	3.91		69572	4041		15.746	16.216		185129	
1962-01-01			119300	30.04	31.2	3.28	4.08	3.94		68836	4621		15.776	16.235		185347	
1962-02-01			119360	30.11	31.2	3.28	4.04	3.89		69353	4481		15.818	16.262		185551	
1962-03-01			119476	30.17	31.3	3.06	3.93	3.68		69744	4323		15.839	16.3		185762	
1962-04-01			119702	30.21	31.3	2.99	3.84	3.6		69820	3863		15.857	16.303		185981	
1962-05-01			119813	30.24	31.4	3.03	3.87	3.66		70658	3592		15.867	16.326		186201	
1962-06-01			119943	30.21	31.4	3.03	3.91	3.64		72071	4219		15.877	16.356		186426	
1962-07-01			120128	30.22	31.4	3.29	4.01	3.8		71678	3829		15.868	16.37		186664	
1962-08-01			120323	30.28	31.5	3.2	3.98	3.71		71938	3842		15.891	16.372		186924	
1962-09-01			120653	30.42	31.5	3.06	3.98	3.7		71076	3455		15.969	16.404		187191	
1962-10-01			120856	30.38	31.5	2.98	3.93	3.64		71084	3234		15.953	16.403		187449	
1962-11-01			121045	30.38	31.5	3	3.92	3.6		70772	3726		15.964	16.415		187685	
1962-12-01			121236	30.38	31.6	3.01	3.86	3.56		70345	3760		15.958	16.42		187905	
1963-01-01			121463	30.44	31.5	3.04	3.83	3.58		69795	4627		15.997	16.451		188113	
1963-02-01			121633	30.48	31.6	3.01	3.92	3.66		70389	4870		16.014	16.47		188300	
1963-03-01			121824	30.51	31.7	3.03	3.93	3.68		70771	4442		16.001	16.48		188484	
1963-04-01			121986	30.48	31.7	3.11	3.97	3.74		71233	3993		16	16.5		188685	
1963-05-01			122162	30.51	31.7	3.12	3.93	3.72		71933	3949		16.026	16.53		188904	
1963-06-01			122352	30.61	31.8	3.2	3.99	3.81		73398	4554		16.061	16.558		189130	
1963-07-01			122521	30.69	31.8	3.48	4.02	3.89		73365	4140		16.093	16.573		189369	
1963-08-01			122667	30.75	31.9	3.53	4	3.89		72807	3755		16.115	16.588		189629	
1963-09-01			122821	30.72	31.9	3.57	4.08	3.96		72037	3470		16.112	16.618		189895	
1963-10-01			123014	30.75	32	3.64	4.11	3.97		72358	3394		16.143	16.655		190147	
1963-11-01			123192	30.78	32	3.74	4.12	4.01		72329	3858		16.166	16.67		190369	
1963-12-01			123360	30.88	32.1	3.81	4.13	4.04		71579	3788		16.19	16.694		190570	
1964-01-01			123560	30.94	32.2	3.79	4.17	4.07		70986	4518		16.224	16.717		190763	
1964-02-01			123707	30.91	32.2	3.78	4.15	4.03		71658	4461		16.247	16.749		190953	
1964-03-01			123857	30.94	32.2	3.91	4.22	4.14		71920	4225		16.257	16.765		191146	
1964-04-01			124019	30.95	32.2	3.91	4.23	4.15		72778	3831		16.269	16.78		191346	
1964-05-01			124204	30.98	32.2	3.84	4.2	4.05		73480	3528		16.271	16.794		191557	
1964-06-01			124386	31.01	32.3	3.83	4.17	4.02		74901	4453		16.294	16.806		191778	
1964-07-01			124567	31.02	32.3	3.72	4.19	4.03		74514	3675		16.315	16.823		192010	
1964-08-01			124731	31.05	32.3	3.74	4.19	4.05		74227	3551		16.327	16.845		192254	
1964-09-01			124920	31.08	32.3	3.84	4.2	4.08		73111	3262		16.352	16.852		192504	
1964-10-01			125108	31.12	32.4	3.86	4.19	4.07		73345	3198		16.362	16.859		192739	
1964-11-01			125291	31.21	32.5	3.91	4.15	4.04		73210	3318		16.385	16.883		192943	
1964-12-01			125468	31.25	32.5	4.02	4.18	4.09		72952	3409		16.409	16.907		193131	
1965-01-01			125647	31.28	32.6	3.94	4.19	4.1		72177	3942		16.427	16.93		193308	
1965-02-01			125810	31.28	32.6	4.03	4.21	4.15		72862	4172		16.434	16.95		193467	
1965-03-01			125985	31.31	32.6	4.06	4.21	4.15		73084	3699		16.455	16.96		193625	
1965-04-01			126155	31.38	32.7	4.04	4.2	4.15		73712	3492		16.481	16.98		193799	
1965-05-01			126320	31.48	32.7	4.03	4.21	4.15		74512	3214		16.518	17.011		193988	
1965-06-01			126499	31.61	32.7	3.99	4.21	4.15		76335	4057		16.566	17.007		194195	
1965-07-01			126573	31.58	32.7	3.98	4.2	4.15		76522	3429		16.578	17.024		194416	
1965-08-01			126756	31.55	32.7	4.07	4.25	4.2		75860	3165		16.582	17.056		194645	
1965-09-01			126906	31.62	32.8	4.2	4.29	4.25		74250	2842		16.59	17.076		194879	
1965-10-01			127043	31.65	32.8	4.3	4.35	4.34		74821	2709		16.595	17.07		195096	
1965-11-01			127171	31.75	32.9	4.37	4.45	4.46		74712	2888		16.623	17.102		195284	
1965-12-01			127294	31.85	33	4.72	4.62	4.72		74605	2786		16.683	17.154		195456	
1966-01-01			127394	31.88	33	4.88	4.61	4.86		73612	3244		16.703	17.159		195614	
1966-02-01			127514	32.08	33.1	4.94	4.83	4.98		73800	3109		16.772	17.201		195760	
1966-03-01			127626	32.18	33.1	4.97	4.87	4.92		74080	2990		16.813	17.223		195915	
1966-04-01			127744	32.28	33.3	4.9	4.75	4.83		74796	2730		16.871	17.285		196089	
1966-05-01			127879	32.35	33.4	4.93	4.78	4.89		75412	2793		16.892	17.331		196275	
1966-06-01			127983	32.38	33.5	4.97	4.81	4.97		77629	3592		16.934	17.387		196466	
1966-07-01			128102	32.45	33.6	5.17	5.02	5.17		77705	3050		16.967	17.438		196661	
1966-08-01			128240	32.65	33.7	5.54	5.22	5.5		77486	2821		17.032	17.47		196873	
1966-09-01			128359	32.75	33.8	5.82	5.18	5.5		75751	2503		17.086	17.524		197096	
1966-10-01			128494	32.85	34	5.58	5.01	5.27		76209	2465		17.131	17.581		197303	
1966-11-01			128627	32.88	34	5.54	5.16	5.36		76574	2579		17.156	17.625		197485	
1966-12-01			128730	32.92	34.1	5.2	4.84	5		76255	2655		17.192	17.679		197654	
1967-01-01			128909	32.9	34.2	4.75	4.58	4.7		75320	3159		17.193	17.695		197814	
1967-02-01			129032	33	34.2	4.71	4.63	4.74		75689	3184		17.213	17.727		197965	
1967-03-01			129190	33	34.3	4.35	4.54	4.54		75514	2954		17.222	17.754		198122	
1967-04-01			129344	33.1	34.4	4.11	4.59	4.51		76109	2664		17.251	17.803		198287	
1967-05-01			129515	33.1	34.5	4.15	4.85	4.75		76096	2458		17.284	17.842		198452	
1967-06-01			129722	33.3	34.6	4.48	5.02	5.01		79021	3628		17.339	17.887		198627	
1967-07-01			129918	33.4	34.7	5.01	5.16	5.23		79469	3249		17.398	17.948		198812	
1967-08-01			130187	33.5	34.9	5.13	5.28	5.31		79112	2942		17.452	18.003		199012	
1967-09-01			130392	33.6	35	5.24	5.3	5.4		77527	2895		17.505	18.067		199212	
1967-10-01			130582	33.7	35.1	5.37	5.48	5.57		78132	2952		17.554	18.134		199405	
1967-11-01			130754	33.9	35.2	5.61	5.75	5.78		78121	2903		17.612	18.192		199578	
1967-12-01			130936	34	35.4	5.71	5.7	5.75		78057	2720		17.64	18.237		199733	
1968-01-01			131112	34.1	35.5	5.43	5.53	5.54		76346	3074		17.722	18.318		199864	
1968-02-01			131277	34.2	35.7	5.41	5.56	5.59		77401	3287		17.794	18.397		199988	
1968-03-01			131412	34.3	35.8	5.58	5.74	5.76		77446	2929		17.852	18.47		200132	
1968-04-01			131553	34.4	35.9	5.71	5.64	5.69		77634	2491		17.908	18.538		200285	
1968-05-01			131712	34.5	36	6.14	5.87	6.04		78235	2304		17.974	18.608		200449	
1968-06-01			131872	34.7	36.2	5.98	5.72	5.85		80888	3615		18.032	18.681		200621	
1968-07-01			132053	34.9	36.4	5.65	5.5	5.6		80965	3217		18.087	18.743		200802	
1968-08-01			132251	35	36.5	5.43	5.42	5.5		80203	2772		18.161	18.816		200997	
1968-09-01			132446	35.1	36.7	5.45	5.46	5.48		78546	2607		18.224	18.892		201193	
1968-10-01			132617	35.3	36.9	5.57	5.58	5.55		78875	2510		18.304	18.969		201378	
1968-11-01			132903	35.4	37.1	5.75	5.7	5.66		79184	2576		18.366	19.041		201544	
1968-12-01			133120	35.6	37.2	6.19	6.03	6.12		79117	2418		18.404	19.098		201691	
1969-01-01			133324	35.7	37.3	6.34	6.04	6.25		78232	2875		18.476	19.17		201821	
1969-02-01			133465	35.8	37.6	6.41	6.19	6.34		79103	2923		18.523	19.236		201952	
1969-03-01			133639	36.1	37.8	6.34	6.3	6.41		79267	2747		18.61	19.326		202092	
1969-04-01			133821	36.3	38.1	6.26	6.17	6.3		79619	2542		18.692	19.4		202246	
1969-05-01			134027	36.4	38.1	6.42	6.32	6.54		79565	2300		18.767	19.478		202419	
1969-06-01			134213	36.6	38.3	7.04	6.57	6.75		82357	3399		18.858	19.545		202592	
1969-07-01			134414	36.8	38.5	7.6	6.72	7.01		82797	3182		18.941	19.636		202777	
1969-08-01			134597	36.9	38.7	7.54	6.69	7.03		82516	2870		18.993	19.691		202984	
1969-09-01			134774	37.1	38.9	7.82	7.16	7.57		80984	2958		19.072	19.77		203196	
1969-10-01			135012	37.3	39.1	7.64	7.1	7.51		81511	2840		19.137	19.855		203401	
1969-11-01			135239	37.5	39.2	7.89	7.14	7.53		81427	2711		19.22	19.931		203588	
1969-12-01			135489	37.7	39.4	8.17	7.65	7.96		81416	2627		19.308	20.005		203762	
1970-01-01			135713	37.9	39.6	8.1	7.79	8.17		80719	3406		19.377	20.071		203929	
1970-02-01			135957	38.1	39.8	7.59	7.24	7.82		81283	3794		19.454	20.148		204082	
1970-03-01			136179	38.3	40.1	6.97	7.07	7.21		81689	3732		19.502	20.223		204246	
1970-04-01			136416	38.5	40.4	7.06	7.39	7.5		81960	3552		19.601	20.303		204504	
1970-05-01			136686	38.6	40.5	7.75	7.91	7.97		81758	3385		19.663	20.375		204719	
1970-06-01			136928	38.8	40.8	7.55	7.84	7.85		84087	4671		19.714	20.448		204941	
1970-07-01			137196	38.9	40.9	7.1	7.46	7.59		84857	4514		19.786	20.526		205174	
1970-08-01			137455	39	41.1	6.98	7.53	7.57		84191	4226		19.838	20.597		205418	
1970-09-01			137717	39.2	41.3	6.73	7.39	7.29		82641	4300		19.927	20.683		205664	
1970-10-01			137988	39.4	41.5	6.43	7.33	7.12		83288	4269		20.026	20.785		205906	
1970-11-01			138264	39.6	41.8	5.51	6.84	6.47		83478	4618		20.105	20.892		206131	
1970-12-01			138529	39.8	42	5	6.39	5.95		83301	4650		20.194	20.997		206352	
1971-01-01			138795	39.9	42.1	4.57	6.24	5.89		82818	5429		20.237	21.08		206567	
1971-02-01			139021	39.9	42.2	3.89	6.11	5.56		82885	5458		20.296	21.16		206762	
1971-03-01			139285	40	42.2	3.69	5.7	5		82866	5190		20.363	21.228		206960	
1971-04-01			139566	40.1	42.4	4.3	5.83	5.65		83116	4712		20.443	21.307		207163	
1971-05-01			139826	40.3	42.6	5.04	6.39	6.28		83344	4415		20.528	21.4		207361	
1971-06-01			140090	40.5	42.8	5.64	6.52	6.53		85228	5511		20.619	21.485		207562	
1971-07-01			140343	40.6	42.9	6.04	6.73	6.85		86296	5354		20.681	21.567		207771	
1971-08-01			140596	40.7	43	5.8	6.58	6.55		85984	5086		20.741	21.597		207998	
1971-09-01			140869	40.8	43	5.41	6.14	6.14		84456	4867		20.772	21.633		208230	
1971-10-01			141146	40.9	43.1	4.91	5.93	5.93		84974	4599		20.804	21.667		208450	
1971-11-01			141393	41	43.2	4.67	5.81	5.78		85374	4846		20.847	21.716		208648	
1971-12-01			141666	41.1	43.3	4.6	5.93	5.69		85255	4728		20.929	21.784		208829	
1972-01-01			142736	41.2	43.5	4.28	5.95	5.59		84940	5481		21.015	21.877		208989	
1972-02-01			143017	41.4	43.6	4.27	6.08	5.69		85180	5446		21.098	21.936		209137	
1972-03-01			143263	41.4	43.6	4.67	6.07	5.87		85828	5250		21.128	21.979		209299	
1972-04-01			143483	41.5	43.8	4.96	6.19	6.17		85759	4732		21.16	22.03		209466	
1972-05-01			143760	41.6	43.9	4.64	6.13	5.85		86028	4382		21.207	22.081		209635	
1972-06-01			144033	41.7	44	4.93	6.11	5.91		88540	5467		21.239	22.126		209811	
1972-07-01			144285	41.8	44.1	4.96	6.11	5.97		89127	5216		21.315	22.189		209986	
1972-08-01			144522	41.9	44.3	4.98	6.21	6.02		88894	4901		21.377	22.236		210177	
1972-09-01			144761	42.1	44.3	5.52	6.55	6.25		87242	4705		21.473	22.31		210379	
1972-10-01			144988	42.2	44.4	5.52	6.48	6.18		87741	4518		21.497	22.323		210568	
1972-11-01			145211	42.4	44.4	5.27	6.28	6.12		87548	4317		21.561	22.382		210739	
1972-12-01			145446	42.5	44.6	5.52	6.36	6.16		87593	4169		21.63	22.449		210903	
1973-01-01			145720	42.7	44.6	5.89	6.46	6.34		86327	4730		21.695	22.463		211053	
1973-02-01			145943	43	44.8	6.19	6.64	6.6		87303	4898		21.809	22.534		211187	
1973-03-01			146230	43.4	45	6.85	6.71	6.8		87961	4564		21.964	22.625		211337	
1973-04-01			146459	43.7	45.1	6.85	6.67	6.67		88127	4227		22.127	22.756		211499	
1973-05-01			146719	43.9	45.3	6.89	6.85	6.8		88238	3855		22.236	22.844		211662	
1973-06-01			146981	44.2	45.4	7.31	6.9	6.69		91124	4907		22.363	22.943		211828	
1973-07-01			147233	44.2	45.5	8.39	7.13	7.33		91655	4613		22.444	23.041		212001	
1973-08-01			147471	45	45.7	8.82	7.4	7.63		90888	4273		22.703	23.148		212191	
1973-09-01			147731	45.2	46	8.31	7.09	7.05		89782	4230		22.793	23.265		212382	
1973-10-01			147980	45.6	46.3	7.4	6.79	6.77		90547	3830		22.922	23.355		212555	
1973-11-01			148219	45.9	46.5	7.57	6.73	6.92		90690	4127		23.11	23.468		212710	
1973-12-01			148479	46.3	46.7	7.27	6.74	6.8		90520	4130		23.3	23.598		212859	
1974-01-01			148753	46.8	46.9	7.42	6.99	6.95		89924	5081		23.523	23.714		213003	
1974-02-01			148982	47.3	47.2	6.88	6.96	6.82		90273	5212		23.797	23.865		213143	
1974-03-01			149225	47.8	47.6	7.76	7.21	7.31		90486	4826		24.073	24.051		213286	
1974-04-01			149478	48.1	47.9	8.62	7.51	7.92		90366	4372		24.243	24.231		213437	
1974-05-01			149750	48.6	48.5	8.78	7.58	8.18		90830	4219		24.482	24.464		213600	
1974-06-01			150012	49	49	8.67	7.54	8.1		93481	5459		24.69	24.715		213770	
1974-07-01			150248	49.3	49.5	8.8	7.81	8.38		94238	5341		24.872	24.934		213948	
1974-08-01			150493	49.9	50.2	9.36	8.04	8.63		93446	4967		25.132	25.174		214144	
1974-09-01			150753	50.6	50.7	8.87	8.04	8.37		92449	5287		25.393	25.4		214349	
1974-10-01			151009	51	51.2	8.05	7.9	7.97		92909	5131		25.575	25.599		214538	
1974-11-01			151256	51.5	51.6	7.66	7.68	7.68		92638	5775		25.767	25.786		214704	
1974-12-01			151494	51.9	52	7.31	7.43	7.31		92368	6199		25.971	25.968		214857	
1975-01-01			151755	52.3	52.3	6.83	7.5	7.41		92200	8272	59555	26.132	26.119		214998	
1975-02-01			151990	52.6	52.8	5.98	7.39	7.11		91972	8399	60018	26.274	26.304		215132	
1975-03-01			152217	52.8	53	6.11	7.73	7.3		92464	8446	59753	26.363	26.441		215276	
1975-04-01			152443	53	53.3	6.9	8.23	7.99		92459	7908	59984	26.452	26.57		215438	
1975-05-01			152704	53.1	53.5	6.39	8.06	7.72		92888	7715	59816	26.558	26.683		215646	
1975-06-01			152976	53.5	53.8	6.29	7.86	7.51		95174	8667	57801	26.724	26.813		215871	
1975-07-01			153309	54	54	7.11	8.06	7.92		96053	8311	57256	26.953	26.978		216084	
1975-08-01			153580	54.2	54.2	7.7	8.4	8.33		95525	7799	58055	27.07	27.071		216294	
1975-09-01			153848	54.6	54.5	7.75	8.43	8.37		94023	7624	59825	27.204	27.218		216490	
1975-10-01			154082	54.9	54.8	6.95	8.14	7.97		94510	7350	59573	27.362	27.354		216679	
1975-11-01			154338	55.3	55.2	6.49	8.05	7.8		94041	7341	60298	27.538	27.535		216851	
1975-12-01			154589	55.6	55.5	6.6	8	7.76		93995	7307	60594	27.69	27.702		217013	
1976-01-01			154853	55.8	55.9	5.81	7.74	7.46		93938	8286	60916	27.795	27.844		217172	
1976-02-01			155066	55.9	56.2	5.91	7.79	7.45		94075	8143	60991	27.831	27.955		217315	
1976-03-01			155306	56	56.5	6.21	7.73	7.49		94400	7631	60906	27.873	28.047		217455	
1976-04-01			155529	56.1	56.7	5.92	7.56	7.25		94782	6996	60746	27.936	28.157		217607	
1976-05-01			155765	56.4	57	6.4	7.9	7.59		94925	6415	60840	28.069	28.29		217773	
1976-06-01			156027	56.7	57.2	6.52	7.86	7.61		97499	7772	58528	28.192	28.405		217948	
1976-07-01			156276	57	57.6	6.2	7.83	7.49		98605	7697	57672	28.335	28.561		218134	
1976-08-01			156525	57.3	57.9	6	7.77	7.31		98133	7443	58392	28.491	28.726		218337	
1976-09-01			156779	57.6	58.2	5.84	7.59	7.13		96430	7148	60349	28.651	28.894		218542	
1976-10-01			156993	57.9	58.5	5.5	7.41	6.75		96999	6958	59997	28.801	29.036		218739	
1976-11-01			157235	58.1	58.7	5.29	7.29	6.52		97116	7224	60120	28.932	29.168		218920	
1976-12-01			157438	58.4	58.9	4.89	6.87	6.1		97004	7154	60434	29.094	29.326		219093	
1977-01-01			157688	58.7	59.3	5.29	7.21	6.58	135209000	96197	7980	61491	29.263	29.505		219262	
1977-02-01			157913	59.3	59.7	5.47	7.39	6.83	135410000	96837	8237	61074	29.492	29.686	7.01	219424	
1977-03-01			158131	59.6	60	5.5	7.46	6.93	135621700	97277	7680	60855	29.64	29.812	6.45	219594	
1977-04-01			158371	60	60.3	5.44	7.37	6.79	135784000	97352	6692	61019	29.812	29.959	4.75	219772	
1977-05-01			158657	60.2	60.6	5.84	7.46	6.94	136106300	97755	6280	60900	29.963	30.112	5.76	219953	
1977-06-01			158929	60.5	61	5.8	7.28	6.76	136286800	100743	7589	58185	30.131	30.292	6.23	220143	
1977-07-01			159185	60.8	61.2	5.94	7.33	6.84	136547200	100960	7081	58226	30.287	30.479	5.69	220349	
1977-08-01			159430	61.1	61.5	6.37	7.4	7.03	136722200	100744	6897	58687	30.428	30.629	6.19	220573	
1977-09-01			159674	61.3	61.8	6.53	7.34	7.04	136881100	99367	6579	60308	30.543	30.758	4.92	220796	
1977-10-01			159915	61.6	62	6.97	7.52	7.32	137169400	100144	6365	59771	30.685	30.907	4.65	221007	
1977-11-01			160129	62	62.3	6.95	7.58	7.34	137300300	100522	6495	59607	30.861	31.067	6.58	221206	
1977-12-01			160377	62.3	62.7	6.96	7.69	7.48	137437400	100213	6031	60163	31.011	31.227	5.53	221390	
1978-01-01			160617	62.7	63.1	7.28	7.96	7.77	137644900	99664	7048	60953	31.194	31.414	4.71	221553	
1978-02-01			160831	63	63.4	7.34	8.03	7.83	137893700	99641	6886	61190	31.339	31.535	5.44	221711	
1978-03-01			161038	63.4	63.8	7.31	8.04	7.86	138041500	100166	6621	60872	31.542	31.706	6.12	221892	
1978-04-01			161263	63.9	64.3	7.45	8.15	7.98	138155800	100610	5826	60653	31.781	31.911	6.73	222084	
1978-05-01			161518	64.5	64.7	7.82	8.35	8.18	138344200	101092	5605	60426	32.008	32.099	7.98	222278	
1978-06-01			161795	65	65.2	8.09	8.46	8.36	138619900	104010	6481	57783	32.217	32.278	6.44	222482	
1978-07-01			162034	65.5	65.6	8.39	8.64	8.54	138823000	104512	6597	57521	32.393	32.468	6.61	222697	
1978-08-01			162259	65.9	66.1	8.31	8.41	8.33	138978200	103946	6090	58313	32.557	32.642	6.72	222933	
1978-09-01			162502	66.5	66.7	8.64	8.42	8.43	139157400	102748	5958	59754	32.742	32.83	7.09	223168	
1978-10-01			162783	67.1	67.2	9.14	8.64	8.61	139381300	103474	5624	59309	33.003	33.071	8.6	223383	
1978-11-01			163017	67.5	67.6	10.01	8.81	8.84	139569100	103586	5797	59432	33.19	33.249	7.85	223585	
1978-12-01			163272	67.9	68	10.3	9.01	9.08	139761000	103565	5896	59706	33.345	33.378	6.26	223781	
1979-01-01			163516	68.5	68.5	10.41	9.1	9.2	140031800	102802	6602	60714	33.597	33.549	8.49	223973	
1979-02-01			163726	69.2	69.2	10.24	9.1	9.13	140219100	103185	6649	60542	33.776	33.659	7.67	224150	
1979-03-01			164027	69.9	69.8	10.25	9.12	9.2	140436500	103606	6325	60420	34.04	33.852	6.56	224333	
1979-04-01			164162	70.6	70.3	10.12	9.18	9.25	140492800	103198	5720	60964	34.395	34.165	6.77	224529	
1979-05-01			164459	71.4	70.8	10.12	9.25	9.24	140734500	103476	5419	60982	34.751	34.462	9.12	224734	
1979-06-01			164721	72.2	71.3	9.57	8.91	8.85	141068400	106210	6409	58510	35.038	34.655	6.98	224948	
1979-07-01			164970	73	71.9	9.64	8.95	8.9	141198100	107096	6282	57874	35.305	34.829	7.88	225174	
1979-08-01			165198	73.7	72.7	9.98	9.03	9.06	141353000	106489	6315	58708	35.575	35.06	8.96	225419	
1979-09-01			165431	74.4	73.3	10.84	9.33	9.41	141461900	105510	5978	59921	35.889	35.299	8.47	225662	
1979-10-01			165813	75.2	74	12.44	10.3	10.63	141694300	106084	5964	59729	36.182	35.557	9.74	225893	
1979-11-01			166051	76	74.8	12.39	10.65	10.93	141897400	105871	5964	60181	36.433	35.784	7.77	226120	
1979-12-01			166300	76.9	75.7	11.98	10.39	10.42	142048700	106040	6027	60259	36.739	36.041	8.11	226339	
1980-01-01			166544	78	76.7	12.06	10.8	10.74	142304300	105344	7234	61199	37.124	36.315	9.82	226554	
1980-02-01			166759	79	77.5	13.92	12.41	12.6	142455800	105412	7177	61347	37.526	36.677	10.11	226753	
1980-03-01			166984	80.1	78.6	15.82	12.75	13.47	142646400	105510	6983	61474	37.987	37.017	9.47	226955	
1980-04-01			167197	80.9	79.5	13.3	11.47	11.84	142876300	105592	7023	61604	38.185	37.207	6.28	227156	
1980-05-01			167407	81.7	80.1	9.39	10.18	9.95	143301800	106233	7501	61173	38.482	37.507	9.13	227387	
1980-06-01			167643	82.5	81	8.16	9.78	9.21	143570200	108311	8481	59332	38.725	37.756	8.9	227624	
1980-07-01			167932	82.6	80.8	8.65	10.25	9.53	143721900	109268	8603	58664	39.026	38.021	6.52	227840	
1980-08-01			168103	83.2	81.3	10.24	11.1	10.84	143980000	108404	8202	59699	39.351	38.296	8.53	228070	
1980-09-01			168297	83.9	82.1	11.52	11.51	11.62	144001300	106989	7655	61309	39.715	38.657	9.66	228302	
1980-10-01			168503	84.7	83	12.49	11.75	11.86	144060700	107673	7674	60830	40.033	38.975	8.6	228515	
1980-11-01			168695	85.6	83.9	14.15	12.68	12.83	144185200	107532	7682	61163	40.359	39.282	8.62	228696	
1980-12-01			168883	86.4	84.9	14.88	12.84	13.25	144227700	107009	7430	61874	40.621	39.518	8.14	228858	
1981-01-01			169104	87.2	85.4	14.08	12.57	12.77	144336900	106885	8746	62218	41.011	39.861	9.19	229004	
1981-02-01			169280	88	85.9	14.57	13.19	13.41	144435100	107015	8614	62264	41.426	40.152	10.16	229148	
1981-03-01			169453	88.6	86.4	13.71	13.12	13.41	144578000	107634	8271	61819	41.715	40.375	7.25	229314	
1981-04-01			169641	89.1	87	14.32	13.68	13.99	144693800	107906	7561	61735	41.897	40.633	7.4	229489	
1981-05-01			169829	89.7	87.8	16.2	14.1	14.63	144983900	108586	7731	61243	42.085	40.913	6.95	229668	
1981-06-01			170042	90.5	88.6	14.86	13.47	13.95	145408000	109904	8485	60137	42.253	41.117	5.92	229864	
1981-07-01			170246	91.5	89.8	15.72	14.28	14.79	145429600	110742	8130	59504	42.508	41.365	6.82	230077	
1981-08-01			170399	92.2	90.7	16.72	14.94	15.56	145509700	110099	7947	60300	42.774	41.642	7.48	230300	
1981-09-01			170593	93.1	91.8	16.52	15.32	15.93	145576900	108273	7884	62320	43.033	41.915	7.35	230527	
1981-10-01			170809	93.4	92.1	15.38	15.15	15.41	145782300	109244	8216	61565	43.228	42.165	6.2	230732	
1981-11-01			170996	93.8	92.5	12.41	13.39	13.38	146004400	109179	8676	61818	43.46	42.411	6.08	230906	
1981-12-01			171166	94.1	93	12.85	13.72	13.6	146182900	108574	9013	62592	43.594	42.568	5.01	231073	
1982-01-01			171335	94.4	93.3	14.32	14.59	14.65	146013000	108014	10183	63321	43.853	42.829	5.38	231235	
1982-02-01			171489	94.7	93.8	14.73	14.43	14.54	146078100	108324	10378	63165	43.985	42.994	4.7	231392	
1982-03-01			171667	94.7	93.9	13.95	13.86	13.98	146258400	108761	10290	62906	44.098	43.182	5.1	231558	
1982-04-01			171844	95	94.7	13.98	13.87	14	146492900	108814	9957	63030	44.12	43.353	3.33	231727	
1982-05-01			172026	95.9	95.4	13.34	13.62	13.75	146738500	109914	9957	62113	44.382	43.589	5.92	231901	
1982-06-01			172190	97	96.1	14.07	14.3	14.43	146948200	111569	10886	60621	44.704	43.808	5.52	232090	
1982-07-01			172364	97.5	96.7	13.24	13.95	14.07	147035000	112526	11036	59838	44.969	44.092	7.12	232290	
1982-08-01			172511	97.7	97.1	11.43	13.06	13	147159900	111887	10710	60624	45.108	44.295	4.22	232496	
1982-09-01			172690	97.7	97.2	10.85	12.34	12.25	147327800	110546	10695	62144	45.233	44.459	3.09	232708	
1982-10-01			172881	98.1	97.5	9.32	10.91	10.8	147559600	110767	10942	62114	45.487	44.741	5.34	232905	
1982-11-01			173058	98	97.3	9.16	10.55	10.38	147659900	110855	11476	62203	45.624	44.906	2.72	233077	
1982-12-01			173199	97.7	97.2	8.91	10.54	10.22	147832400	110477	11628	62722	45.693	45.049	2.97	233241	
1983-01-01			173354	97.9	97.6	8.62	10.46	10.03	147341500	109779	12517	63575	45.906	45.357	5.7	233398	
1983-02-01			173505	98	98	8.92	10.72	10.26	147462000	109647	12382	63858	45.984	45.525	3.89	233543	
1983-03-01			173656	98.1	98.2	9.04	10.51	10.08	147767000	109873	11879	63784	46.043	45.583	2.29	233697	
1983-04-01			173794	98.8	98.6	8.98	10.4	10.02	148126600	109875	11035	63919	46.253	45.721	4.96	233852	
1983-05-01			173953	99.2	98.9	8.9	10.38	10.03	148312200	110308	10765	63644	46.384	45.787	3.15	234020	
1983-06-01			174125	99.4	99.2	9.66	10.85	10.63	148193400	113383	11570	60742	46.557	46.001	3.39	234213	
1983-07-01			174306	99.8	99.8	10.2	11.38	11.21	148363200	113980	10707	60326	46.82	46.311	3.8	234404	
1983-08-01			174440	100.1	100.1	10.53	11.85	11.63	148536200	113578	10411	60862	47.02	46.55	3.15	234601	
1983-09-01			174602	100.4	100.5	10.16	11.65	11.43	148711700	112197	9830	62405	47.185	46.738	4.2	234804	
1983-10-01			174779	100.8	101	9.81	11.54	11.28	148863300	112042	9383	62737	47.265	46.821	2.57	234993	
1983-11-01			174951	101.1	101.5	9.94	11.69	11.41	148899600	112147	9129	62804	47.332	46.93	4.09	235157	
1983-12-01			175121	101.4	101.8	10.11	11.83	11.54	149042200	111795	8992	63326	47.358	46.965	2.45	235310	
1984-01-01			175533	102.1	102.5	9.9	11.67	11.37	149134200	111025	9755	64508	47.564	47.121	5.14	235456	
1984-02-01			175679	102.6	102.8	10.04	11.84	11.54	149267800	111368	9407	64311	47.884	47.418	4.55	235601	
1984-03-01			175824	102.9	103.2	10.59	12.32	12.02	149435400	111828	9057	63996	48.041	47.598	4.06	235757	
1984-04-01			175969	103.3	103.7	10.9	12.63	12.37	149635300	112152	8525	63817	48.224	47.822	4.84	235916	
1984-05-01			176123	103.5	104.1	11.66	13.41	13.17	149705500	113251	8154	62873	48.285	47.933	2.19	236077	
1984-06-01			176284	103.7	104.5	12.08	13.56	13.48	149828500	115393	8582	60891	48.371	48.046	3.47	236254	
1984-07-01			176440	104.1	105	12.03	13.36	13.27	149968400	116198	8714	60242	48.544	48.253	4.9	236449	
1984-08-01			176583	104.4	105.4	11.82	12.72	12.68	150101400	115076	8382	61507	48.693	48.412	4.13	236655	
1984-09-01			176763	104.7	105.8	11.58	12.52	12.53	150267300	113843	8051	62920	48.759	48.486	4.02	236868	
1984-10-01			176956	105.1	106.2	10.9	12.16	12.06	150350000	114250	7989	62706	48.874	48.595	3.46	237068	
1984-11-01			177135	105.3	106.4	9.82	11.57	11.33	150477900	114115	7869	63020	48.943	48.698	2.07	237238	
1984-12-01			177306	105.5	106.8	9.33	11.5	11.07	150684400	114028	7978	63278	49.081	48.891	3.76	237392	
1985-01-01			177384	105.7	107.1	9.02	11.38	10.93	150528300	113475	9131	63909	49.326	49.165	3.35	237535	
1985-02-01			177516	106.3	107.7	9.29	11.51	11.13	150672100	113592	8902	63924	49.555	49.42	5.68	237667	
1985-03-01			177667	106.8	108.1	9.86	11.86	11.52	150800900	114394	8625	63273	49.749	49.593	4.03	237816	
1985-04-01			177799	107	108.4	9.14	11.43	11.01	150918600	114325	8150	63474	49.821	49.652	2.39	237987	
1985-05-01			177944	107.2	108.8	8.46	10.85	10.34	151004400	114890	8011	63054	49.939	49.823	3.15	238172	
1985-06-01			178096	107.5	109.1	7.8	10.16	9.6	151254400	116572	8753	61524	50.075	49.988	4.2	238368	
1985-07-01			178263	107.7	109.4	7.86	10.31	9.7	151295800	117536	8682	60727	50.198	50.134	2.44	238573	
1985-08-01			178405	107.9	109.8	8.05	10.33	9.81	151372000	116679	8051	61726	50.364	50.38	3.98	238789	
1985-09-01			178572	108.1	110	8.07	10.37	9.81	151474400	115850	7984	62721	50.449	50.484	3.55	239006	
1985-10-01			178770	108.5	110.5	8.01	10.24	9.69	151617800	116346	7917	62425	50.533	50.565	2.97	239210	
1985-11-01			178940	109	111.1	7.88	9.78	9.28	151785100	116097	7815	62843	50.68	50.689	3.92	239392	
1985-12-01			179112	109.5	111.4	7.67	9.26	8.73	151925700	115780	7717	63332	50.85	50.827	3.86	239558	
1986-01-01			179670	109.9	111.9	7.73	9.19	8.68	152304500	115431	8472	64239	51.084	51.101	4.51	239713	
1986-02-01			179821	109.7	112.2	7.61	8.7	8.34	152435000	115725	9041	64096	51.084	51.233	2.7	239858	
1986-03-01			179985	109.1	112.5	7.03	7.78	7.46	152610200	116309	8667	63675	50.972	51.389	1.73	240011	
1986-04-01			180148	108.7	112.9	6.44	7.3	7.05	152756800	116317	8115	63831	50.868	51.482	3.02	240183	
1986-05-01			180311	109	113.1	6.65	7.71	7.52	152916300	117199	8158	63112	50.961	51.57	2.33	240365	
1986-06-01			180503	109.4	113.4	6.73	7.8	7.64	153041300	119644	8775	60859	51.151	51.725	3.97	240555	
1986-07-01			180682	109.5	113.8	6.27	7.3	7.06	153125700	120303	8471	60379	51.164	51.819	2.79	240753	
1986-08-01			180828	109.6	114.2	5.93	7.17	6.8	153275800	119471	7955	61357	51.228	51.925	2.94	240961	
1986-09-01			180997	110	114.6	5.77	7.45	6.92	153444300	118244	8015	62752	51.396	52.096	3.75	241171	
1986-10-01			181186	110.2	115	5.72	7.43	6.83	153573200	118699	7842	62487	51.488	52.273	3.77	241371	
1986-11-01			181363	110.4	115.3	5.8	7.25	6.76	153736400	118623	7872	62740	51.58	52.384	3.02	241544	
1986-12-01			181547	110.8	115.6	5.87	7.11	6.67	153808100	118049	7461	63498	51.651	52.452	3.07	241702	
1987-01-01			181827	111.4	115.9	5.78	7.08	6.64	153839300	117703	8620	64124	51.894	52.578	4.9	241857	
1987-02-01			181998	111.8	116.2	5.96	7.25	6.79	154053000	117967	8503	64031	52.076	52.685	3.37	242005	
1987-03-01			182179	112.2	116.6	6.03	7.25	6.79	154192500	118353	8124	63826	52.214	52.841	3.99	242166	
1987-04-01			182344	112.7	117.3	6.5	8.02	7.57	154341600	118347	7306	63997	52.409	53.065	5.01	242338	
1987-05-01			182533	113	117.7	7	8.61	8.26	154526300	119695	7318	62838	52.542	53.214	3.34	242516	
1987-06-01			182703	113.5	117.9	6.8	8.4	8.02	154664300	121153	7655	61550	52.741	53.36	3.25	242706	
1987-07-01			182885	113.8	118.3	6.68	8.45	8.01	154725400	122105	7453	60779	52.863	53.498	2.72	242908	
1987-08-01			183002	114.3	118.7	7.03	8.76	8.32	154799600	121614	7088	61388	53.072	53.679	4.7	243118	
1987-09-01			183161	114.7	119.2	7.67	9.42	8.94	154922600	119884	6857	63277	53.251	53.892	3.43	243335	
1987-10-01			183311	115	119.8	7.59	9.52	9.08	155025200	120744	6845	62567	53.42	54.122	3.97	243543	
1987-11-01			183470	115.4	120.1	6.96	8.86	8.35	155188000	120611	6802	62859	53.521	54.235	2.95	243724	
1987-12-01			183620	115.6	120.4	7.17	8.99	8.45	155262300	120206	6526	63414	53.62	54.349	1.91	243895	
1988-01-01			183822	116	120.9	6.99	8.67	8.18	155387000	119742	7603	64079	53.828	54.606	4.81	244056	
1988-02-01			183969	116.2	121.2	6.64	8.21	7.71	155511400	119942	7482	64026	53.908	54.718	2.84	244205	
1988-03-01			184111	116.5	121.7	6.71	8.37	7.83	155609900	119957	7090	64154	54.093	54.952	3.8	244362	
1988-04-01			184232	117.2	122.3	7.01	8.72	8.19	155654800	120264	6359	63968	54.356	55.219	4.41	244528	
1988-05-01			184374	117.5	122.7	7.4	9.09	8.58	155820000	120775	6553	63599	54.514	55.407	3.1	244708	
1988-06-01			184562	118	123.2	7.49	8.92	8.49	155986800	123028	6819	61534	54.746	55.641	4.51	244914	
1988-07-01			184729	118.5	123.6	7.75	9.06	8.66	156058400	123888	6823	60841	55.012	55.868	4.9	245131	
1988-08-01			184830	119	124	8.17	9.26	8.94	156123100	123396	6659	61434	55.175	56.007	3.98	245352	
1988-09-01			184962	119.5	124.7	8.09	8.98	8.69	156291900	121842	6368	63119	55.444	56.307	5.33	245579	
1988-10-01			185114	119.9	125.2	8.11	8.8	8.51	156401800	122432	6182	62682	55.625	56.521	3.39	245789	
1988-11-01			185244	120.3	125.6	8.48	8.96	8.79	156511900	122639	6325	62605	55.754	56.676	3.47	245970	
1988-12-01			185402	120.7	126	8.99	9.11	9.09	156618900	122120	6142	63282	55.928	56.864	3.63	246140	
1989-01-01			185644	121.2	126.5	9.05	9.09	9.15	156755300	122095	7309	63549	56.215	57.152	5.3	246301	
1989-02-01			185777	121.6	126.9	9.25	9.17	9.27	156822300	121906	6883	63871	56.402	57.297	3.98	246454	
1989-03-01			185897	122.2	127.4	9.57	9.36	9.51	156872400	122223	6378	63674	56.612	57.468	3.92	246626	
1989-04-01			186024	123.1	127.8	9.36	9.18	9.3	156919000	122576	6229	63448	56.989	57.661	4.38	246814	
1989-05-01			186181	123.7	128.3	8.98	8.86	8.91	156990400	123196	6156	62985	57.197	57.833	4.1	247010	
1989-06-01			186329	124.1	128.8	8.44	8.28	8.29	157013900	125569	6850	60760	57.322	57.987	3.14	247228	
1989-07-01			186483	124.5	129.2	7.89	8.02	7.83	157102400	126238	6736	60245	57.459	58.136	3.85	247458	
1989-08-01			186598	124.5	129.5	8.18	8.11	8.09	157280500	125444	6352	61155	57.466	58.217	2.96	247695	
1989-09-01			186726	124.8	129.9	8.22	8.19	8.17	157619700	123828	6330	62899	57.594	58.419	3.44	247942	
1989-10-01			186871	125.4	130.6	7.99	8.01	7.97	157655700	124416	6222	62455	57.819	58.631	5.1	248174	
1989-11-01			187017	125.9	131.1	7.77	7.87	7.81	157791000	124664	6495	62353	57.945	58.787	3.28	248380	
1989-12-01			187165	126.3	131.6	7.72	7.84	7.75	157902700	123998	6300	63167	58.113	58.954	3.86	248569	
1990-01-01			188413	127.5	132.1	7.92	8.21	8.12	159278100	124358	7413	64055	58.553	59.181	4.21	248743	0.77470521
1990-02-01			188516	128	132.7	8.11	8.47	8.42	159391700	124487	7296	64029	58.811	59.468	3.58	248920	0.90113269
1990-03-01			188630	128.6	133.5	8.35	8.59	8.6	159465800	124838	6852	63792	59.033	59.754	5.47	249146	0.82956349
1990-04-01			188778	128.9	134	8.4	8.79	8.77	159561300	124837	6620	63941	59.157	59.932	3.85	249436	0.85083147
1990-05-01			188913	129.1	134.4	8.32	8.76	8.74	159618700	125682	6533	63231	59.29	60.115	2.91	249707	0.78421858
1990-06-01			189058	129.9	135.1	8.1	8.48	8.43	159722400	127407	6884	61651	59.552	60.349	4.81	249990	0.81115343
1990-07-01			189188	130.5	135.8	7.94	8.47	8.33	159810200	128019	7137	61169	59.699	60.501	4.05	250285	0.78660213
1990-08-01			189342	131.6	136.6	7.78	8.75	8.44	159983800	127105	7008	62238	60.096	60.753	5.13	250595	0.78360714
1990-09-01			189528	132.5	137.1	7.76	8.89	8.51	160222500	125785	7003	63743	60.465	60.965	3.34	250904	0.71566268
1990-10-01			189710	133.4	137.6	7.55	8.72	8.33	160262300	126067	6892	63644	60.811	61.172	3.7	251201	0.83947201
1990-11-01			189872	133.7	138	7.31	8.39	8.02	160496200	125858	7396	64013	60.888	61.246	1.74	251486	0.79203553
1990-12-01			190017	134.2	138.6	7.05	8.08	7.73	160678300	125635	7525	64382	60.945	61.331	3.37	251758	0.77612463
1991-01-01			190163	134.7	139.5	6.64	8.09	7.7	160531500	124623	8787	65540	61.177	61.637	3.96	252012	0.85631164
1991-02-01			190271	134.8	140.2	6.27	7.85	7.47	160706400	125061	9121	65209	61.208	61.807	2.46	252253	0.8926703
1991-03-01			190381	134.8	140.5	6.4	8.11	7.77	160881400	125435	8995	64946	61.221	61.936	1.96	252507	0.88094599
1991-04-01			190517	135.1	140.9	6.24	8.04	7.7	160950800	125698	8226	64819	61.332	62.06	2.83	252778	0.79888265
1991-05-01			190650	135.6	141.3	6.13	8.07	7.7	161108000	125863	8435	64786	61.586	62.307	4.17	253060	0.79802673
1991-06-01			190800	136	141.8	6.36	8.28	7.94	161170900	128143	8992	62656	61.69	62.442	2.13	253350	0.81159847
1991-07-01			190946	136.2	142.3	6.31	8.27	7.91	161189500	128458	8792	62488	61.787	62.632	2.49	253650	0.83784879
1991-08-01			191116	136.6	142.9	5.78	7.9	7.43	161386300	127197	8439	63919	61.931	62.804	2.8	253966	0.79520191
1991-09-01			191302	137	143.4	5.57	7.65	7.14	161533200	126426	8270	64876	62.144	63.055	3.17	254280	0.75708989
1991-10-01			191497	137.2	143.7	5.33	7.53	6.87	161640700	126636	8232	64861	62.26	63.194	2.89	254576	0.7711445
1991-11-01			191657	137.8	144.2	4.89	7.42	6.62	161833900	126466	8494	65190	62.397	63.312	3.46	254841	0.75140884
1991-12-01			191798	138.2	144.7	4.38	7.09	6.19	162020500	126150	8755	65649	62.553	63.468	3.72	255089	0.73135125
1992-01-01			191953	138.3	145.1	4.15	7.03	6.24	161783000	126114	10186	65839	62.638	63.641	2.54	255331	0.60909306
1992-02-01			192067	138.6	145.4	4.29	7.34	6.58	162003700	126425	10401	65642	62.797	63.814	2.65	255576	0.68972742
1992-03-01			192204	139.1	145.9	4.63	7.54	6.95	162179600	126843	9913	65361	62.949	63.973	3	255848	0.67788436
1992-04-01			192354	139.4	146.3	4.3	7.48	6.78	162303000	126911	9135	65443	63.119	64.183	2.27	256139	0.75725603
1992-05-01			192503	139.7	146.8	4.19	7.39	6.69	162457500	127777	9389	64725	63.203	64.273	2.49	256437	0.7441548
1992-06-01			192663	140.1	147.1	4.17	7.26	6.48	162371100	130197	10366	62467	63.315	64.323	2.15	256742	0.69784405
1992-07-01			192826	140.5	147.6	3.6	6.84	5.84	162428100	130844	10099	61982	63.524	64.566	2.67	257063	0.72539054
1992-08-01			193018	140.8	147.9	3.47	6.59	5.6	162796000	129676	9605	63342	63.609	64.625	2.02	257390	0.66129848
1992-09-01			193229	141.1	148.1	3.18	6.42	5.38	163068300	128196	9316	65033	63.713	64.73	1.49	257704	0.66844131
1992-10-01			193442	141.7	148.8	3.3	6.59	5.6	163261800	127998	8813	65444	63.938	64.979	3.25	258004	0.66496021
1992-11-01			193621	142.1	149.2	3.68	6.87	6.04	163393300	128245	9086	65376	64.064	65.121	3.07	258280	0.73467474
1992-12-01			193784	142.3	149.6	3.71	6.77	6.08	163523800	128035	9045	65749	64.176	65.242	2.46	258546	0.72367141
1993-01-01			193962	142.8	150.1	3.5	6.6	5.83	163352000	127186	10158	66776	64.332	65.432	2.51	258799	0.69405938
1993-02-01			194108	143.1	150.6	3.39	6.26	5.43	163528600	127651	10004	66457	64.429	65.557	2.81	259036	0.7394303
1993-03-01			194248	143.3	150.8	3.33	5.98	5.19	163674400	127829	9478	66419	64.561	65.7	2.26	259283	0.66367816
1993-04-01			194398	143.8	151.4	3.24	5.97	5.13	163886800	127616	8835	66781	64.733	65.891	3.07	259547	0.70246511
1993-05-01			194549	144.2	151.8	3.36	6.04	5.2	164007800	128949	8807	65600	64.933	66.114	3.13	259822	0.69314589
1993-06-01			194719	144.3	152.1	3.54	5.96	5.22	164004100	131060	9473	63659	64.955	66.177	1.72	260109	0.79594548
1993-07-01			194882	144.5	152.3	3.47	5.81	5.09	164137000	131574	9223	63308	65.059	66.314	2.28	260411	0.72154079
1993-08-01			195063	144.8	152.8	3.44	5.68	5.03	164355200	130673	8655	64391	65.17	66.438	1.85	260717	0.74148233
1993-09-01			195259	145	152.9	3.36	5.36	4.73	164591200	128975	8302	66284	65.238	66.538	2.04	261015	0.68302738
1993-10-01			195444	145.6	153.4	3.39	5.33	4.71	164785200	129685	8296	65759	65.443	66.647	2.67	261294	0.69110209
1993-11-01			195625	146	153.9	3.58	5.72	5.06	164825100	129662	8094	65963	65.567	66.819	2.35	261550	0.67122231
1993-12-01			195794	146.3	154.3	3.61	5.77	5.15	164981100	129537	7959	66257	65.582	66.849	2.13	261796	0.80940801
1994-01-01			195953	146.3	154.5	3.54	5.75	5.09	165022400	129393	9492	66561	65.604	66.902	2.04	262021	0.53776457
1994-02-01			196090	146.7	154.8	3.87	5.97	5.4	165219900	129764	9262	66325	65.756	67.047	2.7	262237	0.54686672
1994-03-01			196213	147.1	155.3	4.32	6.48	5.94	165404600	129718	8874	66495	65.937	67.275	2.94	262491	0.69284721
1994-04-01			196363	147.2	155.5	4.82	6.97	6.52	165589700	129682	8078	66681	66.015	67.376	1.82	262754	0.70621575
1994-05-01			196510	147.5	155.9	5.31	7.18	6.78	165676900	130602	7656	65908	66.111	67.526	2.69	263014	0.70666794
1994-06-01			196693	147.9	156.4	5.27	7.1	6.7	165814300	132115	8251	64578	66.272	67.676	2.53	263294	0.65659263
1994-07-01			196859	148.4	156.7	5.48	7.3	6.91	165970200	132783	8281	64076	66.481	67.818	2.4	263580	0.59103378
1994-08-01			197043	149	157.1	5.56	7.24	6.88	166005400	132361	7868	64682	66.634	67.894	1.81	263871	0.65004362
1994-09-01			197248	149.3	157.5	5.76	7.46	7.08	166129100	131155	7379	66093	66.708	67.997	1.74	264159	0.73620408
1994-10-01			197430	149.4	157.8	6.11	7.74	7.4	166232100	131879	7155	65550	66.821	68.157	2.02	264430	0.69478245
1994-11-01			197607	149.8	158.2	6.54	7.96	7.72	166245100	131869	6973	65738	66.948	68.282	2.6	264681	0.68975657
1994-12-01			197765	150.1	158.3	7.14	7.81	7.78	166415800	131418	6690	66347	66.991	68.305	1.72	264924	0.79069358
1995-01-01			197753	150.5	159	7.05	7.78	7.76	166417800	130698	8101	67055	67.127	68.475	3.3	265157	0.55249887
1995-02-01			197886	150.9	159.4	6.7	7.47	7.37	166552700	131028	7685	66857	67.246	68.587	1.94	265383	0.6183485
1995-03-01			198007	151.2	159.9	6.43	7.2	7.05	166674100	131423	7480	66584	67.37	68.755	2.45	265625	0.61701844
1995-04-01			198148	151.8	160.4	6.27	7.06	6.86	166888000	131657	7378	66492	67.547	68.915	2.5	265877	0.61950218
1995-05-01			198286	152.1	160.7	6	6.63	6.41	166988000	131739	7185	66547	67.651	69.032	2.23	266134	0.54330783
1995-06-01			198453	152.4	161.1	5.64	6.17	5.93	167066600	133447	7727	65005	67.717	69.092	1.59	266414	0.57418528
1995-07-01			198615	152.6	161.4	5.59	6.28	6.01	167191200	134440	7892	64175	67.802	69.201	2.07	266700	0.4913794
1995-08-01			198801	152.9	161.8	5.75	6.49	6.24	167342900	133383	7457	65418	67.948	69.367	2.4	266998	0.45990292
1995-09-01			199005	153.1	162.2	5.62	6.2	6	167461100	132341	7167	66664	67.995	69.458	1.9	267304	0.46747211
1995-10-01			199192	153.5	162.7	5.59	6.04	5.86	167607700	132863	6884	66329	68.171	69.627	3.09	267585	0.28538339
1995-11-01			199355	153.7	163	5.43	5.93	5.69	167766800	132622	7024	66733	68.169	69.672	2.1	267829	0.48344003
1995-12-01			199508	153.9	163.1	5.31	5.71	5.51	167956700	132008	6872	67500	68.3	69.77	2.19	268047	0.31748764
1996-01-01			199634	154.7	163.7	5.09	5.65	5.36	167939300	131396	8270	68238	68.452	69.849	2.59	268258	0.15349753
1996-02-01			199773	155	164	4.94	5.81	5.38	168086500	131995	7858	67777	68.56	69.94	1.92	268480	0.20452135
1996-03-01			199921	155.5	164.4	5.34	6.27	5.97	168279100	132692	7700	67229	68.767	70.102	2.54	268724	0.18012215
1996-04-01			200101	156.1	164.6	5.54	6.51	6.3	168519700	132513	7124	67589	68.973	70.197	2.09	268980	0.33707006
1996-05-01			200278	156.4	165	5.64	6.74	6.48	168630800	133558	7166	66721	69.092	70.319	2.51	269247	0.37702906
1996-06-01			200459	156.7	165.4	5.81	6.91	6.69	168762000	135083	7377	65376	69.091	70.373	2.05	269527	0.42984409
1996-07-01			200641	157	165.7	5.85	6.87	6.64	168837700	136272	7693	64369	69.237	70.505	2.48	269822	0.30040455
1996-08-01			200847	157.2	166	5.67	6.64	6.39	169018200	135011	6868	65836	69.303	70.566	2.22	270130	0.41844937
1996-09-01			201061	157.7	166.5	5.83	6.83	6.6	169230000	134230	6700	66831	69.499	70.78	2.6	270433	0.24299679
1996-10-01			201273	158.2	166.8	5.55	6.53	6.27	169378300	135015	6577	66258	69.709	70.948	2.81	270730	0.34326962
1996-11-01			201463	158.7	167.2	5.42	6.2	5.97	169620500	134973	6816	66489	69.833	71.041	2.74	271002	0.31919379
1996-12-01			201636	159.1	167.4	5.47	6.3	6.07	169836800	134583	6680	67053	69.914	71.068	2.06	271243	0.36194851
1997-01-01			202285	159.4	167.8	5.61	6.58	6.33	170315700	134317	7933	67968	70.005	71.144	2.2	271472	0.35663189
1997-02-01			202389	159.7	168.1	5.53	6.42	6.2	170448300	134535	7647	67854	70.151	71.29	2.02	271703	0.4019634
1997-03-01			202513	159.8	168.4	5.8	6.69	6.54	170645700	135524	7399	66989	70.225	71.46	1.91	271952	0.32685919
1997-04-01			202674	159.9	168.9	5.99	6.89	6.76	170753000	135181	6551	67494	70.294	71.6	2.12	272213	0.13572769
1997-05-01			202832	159.9	169.2	5.87	6.71	6.57	170888900	135963	6398	66870	70.262	71.652	1.5	272482	0.20051017
1997-06-01			203000	160.2	169.4	5.69	6.49	6.38	171076600	137557	7094	65443	70.352	71.758	1.98	272767	0.03906059
1997-07-01			203166	160.4	169.7	5.54	6.22	6.12	171201800	138331	6981	64835	70.394	71.807	1.43	273074	0.15010787
1997-08-01			203364	160.8	169.8	5.56	6.3	6.16	171320300	137460	6594	65904	70.45	71.778	1.4	273395	0.06743338
1997-09-01			203570	161.2	170.2	5.52	6.21	6.11	171522400	136375	6403	67195	70.62	71.927	2.44	273703	0.04422205
1997-10-01			203767	161.5	170.6	5.46	6.03	5.93	171665500	136665	5995	67102	70.712	72.036	1.03	273989	0.0759799
1997-11-01			203941	161.7	170.8	5.46	5.88	5.8	171815900	136912	5914	67029	70.716	72.058	1.56	274249	0.04391085
1997-12-01			204098	161.8	171.2	5.53	5.81	5.77	172010300	136742	5957	67356	70.701	72.1	1.13	274499	0.0364994
1998-01-01			204238	162	171.6	5.24	5.54	5.42	172114800	135951	7069	68287	70.736	72.21	1.39	274732	0.00257759
1998-02-01			204400	162	171.9	5.31	5.57	5.49	172290300	136286	6804	68115	70.699	72.272	1.41	274943	0.00160651
1998-03-01			204547	162	172.2	5.39	5.65	5.61	172395000	136967	6816	67580	70.71	72.349	2.4	275175	0.00262276
1998-04-01			204731	162.2	172.5	5.38	5.64	5.61	172508800	136379	5643	68352	70.798	72.482	1.91	275434	0.02256256
1998-05-01			204899	162.6	172.9	5.44	5.65	5.63	172704000	137240	5764	67659	70.895	72.552	2.42	275700	0.00974746
1998-06-01			205085	162.8	173.2	5.41	5.5	5.52	172925800	138798	6534	66287	70.835	72.461	1.19	275976	0.05078383
1998-07-01			205270	163.2	173.5	5.36	5.46	5.46	173098600	139336	6567	65934	71.01	72.665	1.99	276266	0.00346281
1998-08-01			205479	163.4	174	5.21	5.34	5.27	173275100	138379	6173	67100	71.108	72.807	2.13	276566	0.01287129
1998-09-01			205699	163.5	174.2	4.71	4.81	4.62	173430400	137903	6039	67796	71.067	72.795	1.81	276859	0.00865296
1998-10-01			205919	163.9	174.4	4.12	4.53	4.18	173547200	138255	5831	67664	71.223	72.937	1.88	277140	0.00067929
1998-11-01			206104	164.1	174.8	4.53	4.83	4.54	173721600	138288	5711	67816	71.226	72.95	1.74	277402	0.00540352
1998-12-01			206270	164.4	175.4	4.52	4.65	4.45	173884700	138297	5565	67973	71.298	73.076	1.49	277658	0.0014066
1999-01-01			206719	164.7	175.6	4.51	4.72	4.6	174368500	137943	6604	68776	71.398	73.18	1.77	277891	0.00019074
1999-02-01			206873	164.7	175.6	4.7	5	4.91	174527600	138202	6563	68671	71.358	73.155	0.83	278095	0.00215514
1999-03-01			207036	164.8	175.7	4.78	5.23	5.14	174668700	138418	6119	68618	71.412	73.177	1.52	278324	0.00015996
1999-04-01			207236	165.9	176.3	4.69	5.18	5.08	174787900	138240	5688	68996	71.757	73.365	2.53	278584	0.00167784
1999-05-01			207427	166	176.5	4.85	5.54	5.44	175015800	138919	5507	68508	71.804	73.435	1.85	278859	0.15752642
1999-06-01			207632	166	176.6	5.1	5.9	5.81	175241600	140666	6271	66966	71.826	73.474	1.53	279148	0.00841801
1999-07-01			207828	166.7	177.1	5.03	5.79	5.68	175427600	141119	6319	66709	72.017	73.606	2.43	279448	0.01061584
1999-08-01			208038	167.1	177.3	5.2	5.94	5.84	175586200	140090	5826	67948	72.148	73.642	1.63	279752	0.03782963
1999-09-01			208265	167.8	177.8	5.25	5.92	5.8	175713500	139217	5661	69048	72.407	73.837	2.37	280053	0.04626408
1999-10-01			208483	168.1	178.1	5.43	6.11	6.03	175945800	139761	5372	68722	72.529	73.963	2	280337	0.13912648
1999-11-01			208666	168.4	178.4	5.55	6.03	5.97	176039400	139895	5380	68771	72.594	74.034	2.18	280594	0.04085021
1999-12-01			208832	168.8	178.7	5.84	6.28	6.19	176186800	139941	5245	68891	72.763	74.128	1.9	280846	0.08430234
2000-01-01			211410	169.3	179.3	6.12	6.66	6.58	178206400	141228	6316	70182	72.961	74.306	3.2	281083	0.12234671
2000-02-01			211576	170	179.4	6.22	6.52	6.68	178284700	141775	6284	69801	73.191	74.415	2.36	281299	0.1930211
2000-03-01			211772	171	180	6.22	6.26	6.5	178371000	142123	6069	69649	73.505	74.568	2.86	281531	0.54757088
2000-04-01			212018	170.9	180.3	6.15	5.99	6.26	178536400	142138	5212	69879	73.444	74.617	1.82	281763	0.6780248
2000-05-01			212242	171.2	180.7	6.33	6.44	6.69	178765800	142144	5460	70097	73.505	74.697	2.35	281996	0.32156369
2000-06-01			212466	172.2	181.1	6.17	6.1	6.3	179070100	143874	5959	68592	73.754	74.754	2.17	282247	0.4893315
2000-07-01			212677	172.7	181.5	6.08	6.05	6.18	179368700	143797	6028	68880	73.939	74.925	2.76	282504	0.77093927
2000-08-01			212916	172.7	181.9	6.18	5.83	6.06	179439900	143171	5863	69744	73.934	75.021	1.93	282769	0.54975119
2000-09-01			213163	173.6	182.3	6.13	5.8	5.93	179614500	142149	5359	71014	74.252	75.203	3.13	283033	0.43031396
2000-10-01			213405	173.9	182.6	6.01	5.74	5.78	179807400	142685	5153	70720	74.353	75.308	2.41	283285	0.34487693
2000-11-01			213540	174.2	183.1	6.09	5.72	5.7	179922500	142797	5336	70744	74.457	75.441	2.58	283523	0.29417007
2000-12-01			213736	174.6	183.3	5.6	5.24	5.17	180064000	143110	5264	70627	74.571	75.515	2.42	283748	0.46005918
2001-01-01			213888	175.6	183.9	4.81	5.16	4.86	180348200	142828	6647	71060	74.932	75.796	3.48	283960	0.38488642
2001-02-01			214110	176	184.4	4.68	5.1	4.89	180508600	143100	6523	71010	75.048	75.93	2.55	284166	0.63156158
2001-03-01			214305	176.1	184.7	4.3	4.89	4.64	180599900	143664	6509	70641	75.055	76.009	2.38	284380	0.62193831
2001-04-01			214525	176.4	185.1	3.98	5.14	4.76	180853700	143026	6004	71499	75.187	76.13	2.91	284602	0.09333171
2001-05-01			214732	177.3	185.3	3.78	5.39	4.93	181010200	143023	5901	71709	75.385	76.148	2.37	284834	0.46518912
2001-06-01			214950	177.7	186	3.58	5.28	4.81	181356100	144553	6816	70397	75.518	76.318	3.2	285076	0.56820396
2001-07-01			215180	177.4	186.4	3.62	5.24	4.76	181600200	145097	6858	70083	75.493	76.515	2.25	285324	0.50650188
2001-08-01			215420	177.4	186.7	3.47	4.97	4.57	181860200	143826	7017	71594	75.484	76.553	2.17	285584	0.48582911
2001-09-01			215665	178.1	187.1	2.82	4.73	4.12	181986600	143601	6766	72064	75.227	76.118	1.72	285842	0.18450881
2001-10-01			215903	177.6	187.4	2.33	4.57	3.91	182246900	144060	7175	71843	75.492	76.654	2.01	286086	0.00854745
2001-11-01			216117	177.5	188.1	2.18	4.65	3.97	182514800	143987	7617	72130	75.441	76.81	2.16	286315	0.09587995
2001-12-01			216315	177.4	188.4	2.22	5.09	4.39	182715500	144042	7773	72273	75.363	76.828	1.25	286533	0.0183813
2002-01-01			216506	177.7	188.7	2.16	5.04	4.34	182664800	143228	9051	73278	75.431	76.871	1.89	286739	0.01823187
2002-02-01			216663	178	189.1	2.23	4.91	4.3	182824300	144266	8823	72397	75.558	77.018	2.44	286935	0.00482253
2002-03-01			216823	178.5	189.2	2.57	5.28	4.74	183081800	144334	8776	72490	75.763	77.11	2.28	287131	0.01344302
2002-04-01			217006	179.3	189.7	2.48	5.21	4.65	183314500	144158	8255	72848	76.08	77.325	2.32	287343	0.07135795
2002-05-01			217198	179.5	190	2.35	5.16	4.49	183463200	144527	7969	72671	76.13	77.411	1.65	287571	0.04739565
2002-06-01			217407	179.6	190.2	2.2	4.93	4.19	183670000	145940	8758	71468	76.225	77.534	1.99	287808	0.01959848
2002-07-01			217630	180	190.5	1.96	4.65	3.81	183868500	146189	8693	71441	76.393	77.692	2.44	288051	0.02288284
2002-08-01			217866	180.5	191.1	1.76	4.26	3.29	184123600	145565	8271	72300	76.543	77.845	1.91	288303	0.02616906
2002-09-01			218107	180.8	191.3	1.72	3.87	2.94	184248300	145167	7790	72940	76.681	77.972	2.51	288554	0.01290356
2002-10-01			218340	181.2	191.5	1.65	3.94	2.95	184456900	145320	7769	73019	76.821	78.038	2.17	288794	0.02061308
2002-11-01			218548	181.5	191.9	1.49	4.05	3.05	184786300	144854	8170	73695	76.897	78.114	1.91	289012	0.05643328
2002-12-01			218741	181.8	192.1	1.45	4.03	3.03	184907200	144807	8209	73934	76.971	78.187	1.67	289214	0.03934232
2003-01-01			219897	182.6	192.4	1.36	4.05	3.05	185656400	145301	9395	74596	77.201	78.24	1.65	289412	0.02614328
2003-02-01			220114	183.6	192.5	1.3	3.9	2.9	185830100	145693	9260	74421	77.526	78.348	1.6	289606	0.03524411
2003-03-01			220317	183.9	192.5	1.24	3.81	2.78	186120900	145801	9018	74516	77.725	78.474	2.07	289809	0.44613679
2003-04-01			220540	183.2	192.5	1.27	3.96	2.93	186476200	145925	8501	74615	77.593	78.561	0.56	290024	0.45525522
2003-05-01			220768	182.9	192.9	1.18	3.57	2.52	186696300	146067	8500	74701	77.504	78.674	1.42	290250	0.00511992
2003-06-01			221014	183.1	193	1.01	3.33	2.27	186889500	148117	9649	72897	77.588	78.718	1	290484	0.00128459
2003-07-01			221252	183.7	193.4	1.12	3.98	2.87	187164300	147822	9319	73430	77.816	78.915	2.78	290726	0.00377928
2003-08-01			221507	184.5	193.6	1.31	4.45	3.37	187375500	146967	8830	74540	78.079	79.004	2.24	290974	0.06159124
2003-09-01			221779	185.1	193.7	1.24	4.27	3.18	187554300	146166	8436	75612	78.323	79.114	1.94	291222	0.07059089
2003-10-01			222039	184.9	194	1.25	4.29	3.19	187713400	146787	8169	75252	78.333	79.26	1.99	291463	0.02497296
2003-11-01			222279	185	194	1.34	4.3	3.29	187912000	146969	8269	75310	78.432	79.368	1.98	291677	0.02725364
2003-12-01			222509	185.5	194.2	1.31	4.27	3.27	188027800	146501	7945	76007	78.605	79.467	1.65	291868	0.02905139
2004-01-01			222161	186.3	194.6	1.24	4.15	3.12	187570400	146068	9144	76093	78.909	79.671	2.51	292046	0.13649284
2004-02-01			222357	186.7	194.9	1.24	4.08	3.07	187832800	146154	8770	76203	79.077	79.8	2.46	292230	0.26645701
2004-03-01			222550	187.1	195.5	1.19	3.83	2.79	188106100	146525	8834	76025	79.199	79.934	2.09	292434	0.09091625
2004-04-01			222757	187.4	195.9	1.43	4.35	3.39	188337900	146260	7837	76497	79.346	80.142	3.34	292651	0.04667638
2004-05-01			222967	188.2	196.2	1.78	4.72	3.85	188537100	146659	7792	76308	79.604	80.252	2.52	292872	0.35672743
2004-06-01			223196	188.9	196.6	2.12	4.73	3.93	188689300	148478	8616	74718	79.831	80.379	2.42	293103	0.62045771
2004-07-01			223422	189.1	196.8	2.1	4.5	3.69	188781400	149217	8518	74204	79.905	80.474	1.97	293350	0.49238893
2004-08-01			223677	189.2	196.9	2.02	4.28	3.47	189026100	148166	7940	75511	79.946	80.505	1.52	293603	0.29422556
2004-09-01			223941	189.8	197.5	2.12	4.13	3.36	189274500	147186	7545	76755	80.104	80.656	1.86	293857	0.26709931
2004-10-01			224192	190.8	197.9	2.23	4.1	3.35	189467500	147978	7531	76214	80.448	80.831	2.24	294104	0.18087102
2004-11-01			224422	191.7	198.3	2.5	4.19	3.53	189645100	148246	7665	76176	80.758	81.005	2.42	294337	0.25239402
2004-12-01			224640	191.7	198.6	2.67	4.23	3.6	189846700	147877	7599	76763	80.801	81.109	1.94	294561	0.54552323
2005-01-01			224837	191.6	199	2.86	4.22	3.71	190031900	147125	8444	77712	80.907	81.401	3.61	294768	0.44374457
2005-02-01			225041	192.4	199.4	3.03	4.17	3.77	190203600	147649	8549	77392	81.132	81.536	2.68	294955	0.43675154
2005-03-01			225236	193.1	200.1	3.3	4.5	4.17	190427600	147745	7986	77492	81.375	81.737	2.22	295149	0.45692417
2005-04-01			225441	193.7	200.2	3.32	4.34	4	190492500	148274	7335	77167	81.603	81.831	2.06	295359	0.86828396
2005-05-01			225670	193.6	200.5	3.33	4.14	3.85	190680700	148878	7287	76792	81.649	81.999	2.07	295582	0.73104294
2005-06-01			225911	193.7	200.6	3.36	4	3.77	190897500	150327	7870	75584	81.7	82.056	1.61	295824	0.46138046
2005-07-01			226153	194.9	200.9	3.64	4.18	3.98	191052800	151122	7839	75031	82.046	82.176	2.81	296077	0.27248492
2005-08-01			226421	196.1	201.1	3.87	4.26	4.12	191191500	150469	7327	75952	82.377	82.243	1.92	296338	0.53036833
2005-09-01			226693	198.8	201.3	3.85	4.2	4.01	191471300	149838	7259	76855	83.172	82.425	3.18	296606	0.85678987
2005-10-01			226959	199.1	202	4.18	4.46	4.33	191697500	150304	6964	76655	83.305	82.662	2.88	296857	0.95035856
2005-11-01			227204	198.1	202.5	4.33	4.54	4.45	191991100	150239	7271	76964	83.131	82.873	2.6	297089	0.78746838
2005-12-01			227425	198.1	202.8	4.35	4.47	4.39	192184800	149874	6956	77550	83.131	82.959	1.63	297311	0.74451519
2006-01-01			227553	199.3	203.2	4.45	4.42	4.35	192325900	149090	7608	78463	83.534	83.145	3	297526	0.62870056
2006-02-01			227763	199.4	203.6	4.68	4.57	4.57	192509500	149686	7692	78077	83.584	83.279	2.08	297734	0.87623824
2006-03-01	34	20.07	227975	199.7	204.3	4.77	4.72	4.72	192617500	150027	7255	77948	83.746	83.509	2.76	297950	0.69634969
2006-04-01	34.4	20.36	228199	200.7	204.8	4.9	4.99	4.9	192789500	150209	6804	77990	84.135	83.764	3.18	298170	0.71854645
2006-05-01	34.1	20.06	228428	201.3	205.4	5	5.11	5	192942600	150696	6655	77732	84.361	83.974	3.68	298401	0.90148519
2006-06-01	34.4	20.04	228671	201.8	205.9	5.16	5.11	5.07	193179600	152557	7341	76114	84.569	84.186	3.68	298653	0.89835263
2006-07-01	34.7	20.28	228912	202.9	206.3	5.22	5.09	5.04	193406900	153208	7602	75704	84.858	84.268	2.95	298910	0.76251188
2006-08-01	34.5	20.12	229167	203.8	206.8	5.08	4.88	4.82	193520200	152465	7086	76702	85.125	84.44	2.75	299178	0.7375383
2006-09-01	34.3	20.35	229420	202.8	207.2	4.97	4.72	4.67	193582800	151635	6625	77785	84.902	84.573	2.13	299452	0.7723801
2006-10-01	34.7	20.51	229675	201.9	207.6	5.01	4.73	4.69	193706800	152397	6272	77278	84.702	84.726	2.05	299710	0.02190192
2006-11-01	34.3	20.44	229905	202	207.8	5.01	4.6	4.58	193923500	152590	6576	77315	84.731	84.766	0.94	299950	0.01888813
2006-12-01	34.4	20.6	230108	203.1	208.1	4.94	4.56	4.53	194097000	152571	6491	77537	85.032	84.88	2.91	300178	0.04502242
2007-01-01	33.9	20.69	230650	203.437	208.6	5.06	4.76	4.75	194826300	151924	7649	78726	85.316	85.224	3.48	300398	0.09785141
2007-02-01	34	20.77	230834	204.226	209.135	5.05	4.72	4.71	195052900	151879	7400	78955	85.581	85.408	3.37	300608	0.11709635
2007-03-01	34.2	20.75	231034	205.288	209.418	4.92	4.56	4.48	195155800	152236	6913	78798	85.894	85.494	2.11	300823	0.35942737
2007-04-01	34.5	20.99	231253	205.904	209.747	4.93	4.69	4.59	195252600	151829	6532	79423	86.096	85.616	1.96	301045	0.29785573
2007-05-01	34.3	20.77	231480	206.755	210.058	4.91	4.75	4.67	195410700	152350	6486	79130	86.346	85.717	1.86	301278	0.0896058
2007-06-01	34.5	20.77	231713	207.234	210.392	4.96	5.1	5.03	195659400	154252	7295	77460	86.529	85.859	2.49	301528	0.0482498
2007-07-01	34.8	20.94	231958	207.603	210.773	4.96	5	4.88	195828500	154871	7556	77087	86.661	85.988	2.15	301790	0.04342033
2007-08-01	34.5	20.79	232211	207.667	211.119	4.47	4.67	4.43	195965000	153493	7088	78717	86.72	86.116	2.17	302064	0.01356681
2007-09-01	34.8	21.12	232461	208.547	211.554	4.14	4.52	4.2	196062600	153400	6952	79061	87.054	86.351	3.11	302334	0.00282763
2007-10-01	34.3	21.01	232715	209.19	212.077	4.1	4.53	4.2	196106800	153516	6773	79200	87.318	86.576	3.08	302590	0.04315849
2007-11-01	34.3	21.07	232939	210.834	212.66	3.5	4.15	3.67	196172800	154035	6917	78904	87.781	86.746	3.27	302834	0.21283081
2007-12-01	34.8	21.3	233156	211.445	213.168	3.26	4.1	3.49	196413700	153705	7371	79451	87.984	86.92	2.56	303062	0.33779557
2008-01-01	34	21.29	232616	212.174	213.771	2.71	3.74	2.98	196058200	152828	8221	79788	88.206	87.093	2.66	303280	0.41898727
2008-02-01	34	21.36	232809	212.687	213.939	2.05	3.74	2.78	196232700	152503	7953	80306	88.382	87.178	1.89	303494	0.32372981
2008-03-01	34.6	21.52	232995	213.448	214.42	1.54	3.51	2.48	196372300	153135	8027	79860	88.635	87.349	2.58	303707	0.50231839
2008-04-01	34.2	21.43	233198	213.942	214.56	1.74	3.68	2.84	196222300	153208	7287	79990	88.799	87.4	2.27	303926	0.43699632
2008-05-01	34.2	21.4	233405	215.208	214.936	2.06	3.88	3.15	196448900	154003	8076	79402	89.18	87.559	2.4	304157	0.3711287
2008-06-01	34.8	21.48	233627	217.463	215.424	2.42	4.1	3.49	196511700	155582	8933	78045	89.827	87.76	3.05	304396	0.57955427
2008-07-01	34.3	21.44	233864	219.016	215.965	2.28	4.01	3.3	196569000	156300	9433	77564	90.245	87.918	3.25	304646	0.77615107
2008-08-01	34.5	21.49	234107	218.69	216.393	2.18	3.89	3.14	196692700	155387	9479	78719	90.172	88.026	1.54	304903	0.74573914
2008-09-01	34.2	21.68	234360	218.877	216.713	1.91	3.69	2.88	196841600	154509	9199	79851	90.247	88.116	2.28	305158	0.57786536
2008-10-01	34.2	21.71	234612	216.995	216.788	1.42	3.81	2.73	196975600	155012	9469	79601	89.651	87.991	1.51	305403	0.41850361
2008-11-01	34.4	21.97	234828	213.153	216.947	1.07	3.53	2.29	197137300	154624	10015	80204	88.593	87.952	2.17	305620	0.04805136
2008-12-01	33.9	21.96	235035	211.398	216.925	0.49	2.42	1.52	197423300	154349	10999	80686	88.098	87.909	0.93	305827	2.086e-05
2009-01-01	33.6	22.05	234739	211.933	217.346	0.44	2.52	1.6	197055300	153445	13009	81293	88.108	87.882	2.83	306035	4.662e-05
2009-02-01	34	22.22	234913	212.705	217.792	0.62	2.87	1.87	197279300	153804	13699	81109	88.266	87.952	1.83	306237	0.01408924
2009-03-01	33.9	22.22	235086	212.495	218.253	0.64	2.82	1.82	197522000	153728	13895	81358	88.169	88.015	1.59	306438	0.00676798
2009-04-01	33.5	22.13	235271	212.709	218.706	0.55	2.93	1.86	197853500	153834	13248	81437	88.295	88.211	1.6	306645	0.00026115
2009-05-01	33.6	22.04	235452	213.022	218.904	0.5	3.29	2.13	197949500	154336	13973	81116	88.387	88.279	1.37	306863	0.00361163
2009-06-01	33.7	21.95	235655	214.79	219.112	0.51	3.72	2.71	197602000	155921	15095	79734	88.912	88.392	1.42	307090	0.00986379
2009-07-01	33.8	22	235870	214.726	219.263	0.48	3.56	2.46	197702400	156255	15201	79614	88.922	88.468	0.34	307322	0.01520904
2009-08-01	34.3	22.16	236087	215.445	219.496	0.46	3.59	2.57	198052700	154897	14823	81190	89.18	88.599	1.4	307570	0.00015212
2009-09-01	33.7	22.2	236322	215.861	219.92	0.4	3.4	2.37	198373400	153617	14538	82706	89.324	88.755	0.77	307826	0.00035964
2009-10-01	33.8	22.26	236550	216.509	220.501	0.37	3.39	2.33	198662600	153635	14547	82915	89.663	89.082	1.83	308071	0.00033635
2009-11-01	34.2	22.44	236743	217.234	220.666	0.31	3.4	2.23	198710700	153539	14407	83204	89.887	89.16	0.73	308289	0.00329313
2009-12-01	33.8	22.38	236924	217.347	220.881	0.37	3.59	2.34	198770500	152693	14740	84231	89.939	89.236	0.66	308495	0.09763731
2010-01-01	33.7	22.51	236832	217.488	220.633	0.35	3.73	2.48	198239800	152957	16147	83876	90.136	89.368	0.89	308706	0.10415781
2010-02-01	33.6	22.57	236998	217.281	220.731	0.35	3.69	2.36	198425700	153194	15991	83804	90.134	89.446	0.44	308904	0.23423952
2010-03-01	33.8	22.48	237159	217.353	220.783	0.4	3.73	2.43	198648700	153660	15678	83499	90.261	89.579	0.58	309095	0.03505245
2010-04-01	34	22.53	237329	217.403	220.822	0.45	3.85	2.58	1.99e+08	153911	14609	83418	90.31	89.625	0.74	309289	0.30130559
2010-05-01	34.4	22.6	237499	217.29	220.962	0.37	3.42	2.18	199090000	153866	14369	83633	90.339	89.724	0.72	309485	0.37181986
2010-06-01	34.1	22.34	237690	217.199	221.194	0.32	3.2	2	198927800	154767	14885	82923	90.301	89.767	0.65	309691	0.10651889
2010-07-01	34.2	22.41	237890	217.605	221.363	0.29	3.01	1.76	199010600	155270	15137	82620	90.378	89.769	0.82	309913	0.01314142
2010-08-01	34.7	22.54	238099	217.923	221.509	0.26	2.7	1.47	199224800	154678	14759	83421	90.502	89.855	1.33	310146	0.02803665
2010-09-01	34.1	22.6	238322	218.275	221.711	0.26	2.65	1.41	199528900	153854	14140	84468	90.592	89.906	1.19	310385	0.0459431
2010-10-01	34.3	22.69	238530	219.035	221.83	0.23	2.54	1.18	199859800	153652	13903	84878	90.881	90.043	0.82	310612	0.02188155
2010-11-01	34.2	22.69	238715	219.59	222.149	0.25	2.76	1.35	199983200	153698	14282	85017	91.062	90.16	1.38	310820	0.06070353
2010-12-01	34.2	22.76	238889	220.472	222.343	0.29	3.29	1.93	200026700	153156	13997	85733	91.268	90.179	1.18	311020	0.02115975
2011-01-01	34.2	23.16	238704	221.187	222.803	0.27	3.39	1.99	199130900	152536	14937	86168	91.542	90.372	2.17	311204	0.05120804
2011-02-01	34	22.99	238851	221.898	223.213	0.29	3.58	2.26	199339800	152635	14542	86216	91.797	90.53	2.36	311373	0.10030894
2011-03-01	34.1	22.9	239000	223.046	223.454	0.26	3.41	2.11	199548000	153022	14060	85977	92.166	90.667	2.15	311551	0.0958495
2011-04-01	34.2	22.96	239146	224.093	223.727	0.25	3.46	2.17	199938100	152898	13237	86248	92.557	90.875	2.28	311740	0.10024205
2011-05-01	34.6	23.05	239313	224.806	224.175	0.19	3.17	1.84	200040900	153449	13421	85864	92.838	91.091	2.44	311935	0.39106253
2011-06-01	34.3	22.81	239489	224.806	224.697	0.18	3	1.58	199979700	154538	14409	84951	92.819	91.191	1.33	312147	0.31425438
2011-07-01	34.4	22.94	239671	225.395	225.218	0.19	3	1.54	200098900	154812	14428	84859	92.977	91.326	1.78	312372	0.31220203
2011-08-01	34.4	22.85	239871	226.106	225.862	0.11	2.3	1.02	200136100	154344	14008	85528	93.196	91.508	2.43	312605	0.38862339
2011-09-01	34.3	23.05	240071	226.597	226.118	0.1	1.98	0.9	200258500	154022	13520	86049	93.327	91.57	1.75	312842	0.3757982
2011-10-01	34.8	23.3	240269	226.75	226.506	0.11	2.15	1.06	200423200	154088	13102	86181	93.329	91.614	1.87	313060	0.28538658
2011-11-01	34.3	23.15	240441	227.169	226.899	0.11	2.01	0.91	200328600	153683	12613	86757	93.52	91.808	2.15	313260	0.10675114
2011-12-01	34.4	23.21	240584	227.223	227.405	0.12	1.98	0.89	200319500	153373	12692	87212	93.574	91.96	1.96	313454	0.2276076
2012-01-01	34.5	23.55	242269	227.842	227.877	0.12	1.97	0.84	200968400	153485	13541	88784	93.894	92.235	2.59	313636	0.17540092
2012-02-01	34.2	23.4	242435	228.329	228.034	0.16	1.97	0.83	201096900	154114	13430	88322	94.104	92.364	1.53	313811	0.39064008
2012-03-01	34.2	23.39	242604	228.807	228.478	0.19	2.17	1.02	201250500	154316	12904	88288	94.284	92.521	2.13	313993	0.34502696
2012-04-01	34.6	23.61	242784	229.187	228.905	0.18	2.05	0.89	201499300	153905	11910	88879	94.408	92.661	1.91	314176	0.37781792
2012-05-01	34.2	23.32	242966	228.713	229.224	0.19	1.8	0.76	201521600	154998	12271	87968	94.302	92.755	1.59	314368	0.21143799
2012-06-01	34.4	23.26	243155	228.524	229.623	0.19	1.62	0.71	201445000	156385	13184	86770	94.254	92.85	1.12	314576	0.11660077
2012-07-01	34.7	23.48	243354	228.59	229.97	0.19	1.53	0.62	201479300	156526	13400	86828	94.288	92.946	1.15	314796	0.10031759
2012-08-01	34.5	23.26	243566	229.918	230.233	0.18	1.68	0.71	201582600	155255	12696	88311	94.605	93.005	1.74	315031	0.18023692
2012-09-01	34.8	23.66	243772	231.015	230.659	0.18	1.72	0.67	201606700	155075	11742	88697	94.893	93.119	1.81	315264	0.30244182
2012-10-01	34.3	23.51	243983	231.638	231.024	0.18	1.75	0.71	201662700	155779	11741	88204	95.174	93.345	1.67	315485	0.24743257
2012-11-01	34.3	23.58	244174	231.249	231.33	0.18	1.65	0.67	201711500	154953	11404	89221	95.109	93.445	1.19	315692	0.1414796
2012-12-01	34.8	23.84	244350	231.221	231.725	0.16	1.72	0.7	201852500	154904	11844	89445	95.094	93.514	1.04	315877	0.12655732
2013-01-01	34	23.87	244663	231.679	232.229	0.15	1.91	0.81	201720800	154794	13181	89868	95.275	93.703	1.98	316038	0.14377602
2013-02-01	34.2	23.9	244828	232.937	232.569	0.16	1.98	0.85	201880700	154727	12500	90100	95.614	93.805	2.04	316191	0.18918762
2013-03-01	34.3	23.83	244995	232.282	232.794	0.15	1.96	0.82	202026500	154512	11815	90483	95.488	93.891	1.47	316357	0.22348755
2013-04-01	34.3	23.92	245175	231.797	232.832	0.12	1.76	0.71	202169800	154739	11014	90436	95.391	93.937	0.3	316535	0.2009985
2013-05-01	34.3	23.79	245363	231.893	232.996	0.12	1.93	0.84	202287200	155734	11302	89629	95.461	94.047	1.32	316729	0.11271369
2013-06-01	34.9	23.92	245552	232.445	233.35	0.14	2.3	1.2	202273400	157089	12248	88463	95.673	94.209	2.32	316934	0.16302751
2013-07-01	34.4	23.8	245756	232.9	233.88	0.12	2.58	1.4	202309100	157196	12083	88560	95.792	94.329	1.75	317156	0.16716412
2013-08-01	34.5	23.79	245959	233.456	234.336	0.13	2.74	1.52	202482300	155971	11462	89988	95.934	94.431	1.57	317397	0.17615127
2013-09-01	34.9	24.16	246168	233.544	234.7	0.12	2.81	1.6	202630500	155536	10885	90632	95.976	94.543	1.64	317635	0.15823187
2013-10-01	34.4	24.04	246381	233.669	234.921	0.12	2.62	1.37	202699500	154918	10773	91463	96.103	94.703	1.69	317864	0.10853788
2013-11-01	34.4	24.11	246567	234.1	235.359	0.12	2.72	1.37	202721600	155046	10271	91521	96.246	94.86	2.02	318076	0.07359388
2013-12-01	34.7	24.3	246745	234.719	235.759	0.13	2.9	1.58	202740600	154408	9984	92338	96.414	94.961	1.72	318276	0.11212179
2014-01-01	34	24.35	246915	235.288	235.961	0.12	2.86	1.65	202549500	154381	10855	92534	96.614	95.064	1.76	318464	0.11839222
2014-02-01	34.4	24.58	247085	235.547	236.185	0.12	2.71	1.52	202672400	155027	10893	92058	96.66	95.109	1.35	318642	0.08816947
2014-03-01	34.7	24.49	247258	236.028	236.625	0.13	2.72	1.64	202706300	155627	10537	91630	96.815	95.25	1.66	318827	0.0937654
2014-04-01	34.4	24.4	247439	236.468	237.072	0.11	2.71	1.7	202799800	154845	9079	92594	96.987	95.413	1.9	319020	0.2135558
2014-05-01	34.4	24.3	247622	236.918	237.529	0.1	2.56	1.59	202932000	155841	9443	91782	97.147	95.574	1.91	319225	0.21088937
2014-06-01	34.9	24.42	247814	237.231	237.837	0.1	2.6	1.68	203032500	156997	9893	90817	97.253	95.682	1.68	319438	0.15268617
2014-07-01	34.5	24.3	248023	237.498	238.195	0.11	2.54	1.7	203029700	157573	10307	90451	97.391	95.848	1.89	319670	0.08358716
2014-08-01	34.6	24.32	248229	237.46	238.405	0.11	2.42	1.63	203163600	156434	9787	91794	97.379	95.885	1.03	319919	0.11517965
2014-09-01	34.5	24.5	248446	237.477	238.786	0.11	2.53	1.77	203213500	155903	8962	92543	97.413	96.013	1.79	320166	0.07566825
2014-10-01	34.5	24.52	248657	237.43	239.191	0.1	2.3	1.55	203261200	156616	8680	92041	97.384	96.096	1.45	320403	0.08469538
2014-11-01	34.9	24.78	248844	236.983	239.458	0.13	2.33	1.62	203382100	156297	8630	92547	97.291	96.181	1.57	320616	0.04369259
2014-12-01	34.6	24.58	249027	236.252	239.584	0.21	2.21	1.64	203428900	155521	8331	93506	97.12	96.249	1.22	320815	0.05731105
2015-01-01	34.2	24.87	249723	234.747	239.811	0.2	1.88	1.37	203859900	156050	9498	93674	96.654	96.214	0.41	320997	0.03029338
2015-02-01	34.6	25.05	249899	235.342	240.172	0.22	1.98	1.47	203937800	156213	9095	93686	96.825	96.324	2.14	321164	0.01356362
2015-03-01	34.7	25.04	250080	235.976	240.755	0.25	2.04	1.52	203972700	156318	8682	93762	97.008	96.47	1.64	321344	0.03652921
2015-04-01	34.4	24.94	250266	236.222	241.346	0.23	1.94	1.35	203985900	156554	7966	93712	97.094	96.648	2.15	321538	0.04143112
2015-05-01	34.4	24.88	250455	237.001	241.688	0.24	2.2	1.54	204200900	157719	8370	92736	97.327	96.766	1.63	321740	0.04693351
2015-06-01	34.5	24.76	250663	237.657	242.064	0.28	2.36	1.68	204400500	158283	8638	92380	97.516	96.882	1.9	321954	0.09504017
2015-07-01	34.5	24.83	250876	238.034	242.565	0.3	2.32	1.63	204501400	158527	8805	92349	97.605	96.978	1.66	322186	0.05569111
2015-08-01	35.1	25.04	251096	238.033	242.817	0.38	2.17	1.54	204561000	157390	8162	93706	97.612	97.056	1.27	322427	0.02756432
2015-09-01	34.3	25.05	251325	237.498	243.316	0.37	2.17	1.49	204604300	156607	7628	94718	97.477	97.196	1.68	322670	0.02216436
2015-10-01	34.5	25.14	251541	237.733	243.768	0.26	2.07	1.39	204680200	157313	7597	94228	97.477	97.228	1.03	322901	0.04097574
2015-11-01	34.8	25.37	251747	238.017	244.241	0.48	2.26	1.67	204732300	157340	7573	94407	97.538	97.332	1.23	323113	0.03437861
2015-12-01	34.5	25.2	251936	237.761	244.547	0.65	2.24	1.7	204767600	157245	7542	94691	97.456	97.396	1.03	323318	0.02281907
2016-01-01	34.2	25.5	252397	237.652	244.955	0.54	2.09	1.52	205071700	157347	8309	95051	97.496	97.567	1.84	323509	0.02251767
2016-02-01	34.1	25.48	252577	237.336	245.51	0.53	1.78	1.22	205096800	158279	8219	94298	97.445	97.736	2.02	323687	0.04797591
2016-03-01	34.2	25.49	252768	238.08	245.913	0.66	1.89	1.38	205201000	158854	8116	93914	97.673	97.876	1.96	323871	0.05905718
2016-04-01	34.3	25.59	252969	238.992	246.551	0.56	1.81	1.26	205249000	158488	7413	94481	97.993	98.117	2.44	324061	0.08853542
2016-05-01	34.6	25.67	253174	239.557	247.137	0.59	1.81	1.3	205405700	158800	7207	94374	98.153	98.284	2.13	324260	0.18107958
2016-06-01	34.4	25.41	253397	240.222	247.54	0.55	1.64	1.17	205537500	160135	8144	93262	98.325	98.386	1.65	324476	0.32688804
2016-07-01	34.4	25.52	253620	240.101	247.829	0.51	1.5	1.07	205682100	160705	8267	92916	98.342	98.529	1.77	324697	0.26751773
2016-08-01	34.4	25.5	253854	240.545	248.423	0.57	1.56	1.13	205684400	159800	7996	94054	98.479	98.703	1.75	324924	0.15694874
2016-09-01	34.4	25.73	254091	241.176	248.842	0.59	1.63	1.18	205739600	159636	7658	94456	98.666	98.834	2.02	325155	0.19537339
2016-10-01	34.8	26.02	254321	241.741	249.142	0.66	1.76	1.27	205849100	159783	7447	94539	98.868	98.961	2.04	325368	0.18260607
2016-11-01	34.3	25.84	254540	242.026	249.481	0.74	2.14	1.6	205836900	159451	7066	95089	98.901	99.005	1.54	325562	0.24207227
2016-12-01	34.3	25.87	254742	242.637	249.92	0.87	2.49	1.96	205954300	158968	7170	95774	99.071	99.12	1.76	325742	0.32497479
2017-01-01	34.4	26.31	254082	243.618	250.467	0.83	2.43	1.92	205377200	158676	8149	95406	99.451	99.385	2.3	325901	0.1681501
2017-02-01	34.1	26.17	254246	244.006	250.998	0.82	2.42	1.9	205415500	159482	7887	94764	99.586	99.561	1.54	326050	0.19673406
2017-03-01	34.1	26.14	254414	243.892	250.944	1.01	2.48	2.01	205319300	159912	7284	94502	99.535	99.519	1.14	326207	0.17001254
2017-04-01	34.6	26.42	254588	244.193	251.227	1.04	2.3	1.82	205349800	159817	6555	94771	99.725	99.723	1.71	326371	0.09146723
2017-05-01	34.3	26.13	254767	244.004	251.43	1.12	2.3	1.84	205458700	159979	6572	94788	99.682	99.803	1	326548	0.07519966
2017-06-01	34.4	26.03	254957	244.163	251.746	1.2	2.19	1.77	205626000	161337	7250	93621	99.766	99.937	1.64	326743	0.10073164
2017-07-01	34.8	26.35	255151	244.243	251.985	1.22	2.32	1.87	205735500	161911	7441	93240	99.803	100.01	1.21	326939	0.09127678
2017-08-01	34.4	26.17	255357	245.183	252.535	1.23	2.21	1.78	205753500	160863	7287	94494	100.027	100.118	1.85	327140	0.08905991
2017-09-01	34.3	26.46	255562	246.435	252.812	1.28	2.2	1.8	205689100	161049	6556	94513	100.4	100.24	1.86	327342	0.08494323
2017-10-01	34.8	26.62	255766	246.626	253.526	1.4	2.36	1.98	205734000	160465	6242	95301	100.531	100.486	2.04	327528	0.10344315
2017-11-01	34.4	26.47	255949	247.284	253.816	1.56	2.35	2.05	205764900	160466	6286	95483	100.675	100.535	1.8	327699	0.0672857
2017-12-01	34.5	26.58	256109	247.805	254.344	1.7	2.4	2.18	205879400	159880	6278	96230	100.821	100.683	1.89	327848	0.10234727
2018-01-01	34	26.86	256780	248.859	255.204	1.8	2.58	2.38	206358900	160037	7189	96743	101.199	101.007	3.04	327969	0.10509679
2018-02-01	34.3	26.84	256934	249.529	255.711	1.96	2.86	2.6	206263800	161494	7091	95439	101.416	101.198	1.84	328085	0.19567542
2018-03-01	34.3	26.87	257097	249.577	256.271	2.06	2.84	2.63	206225000	161548	6671	95549	101.524	101.419	1.68	328219	0.10962834
2018-04-01	34.8	27.16	257272	250.227	256.63	2.15	2.87	2.7	206217200	161280	5932	95992	101.766	101.602	1.29	328364	0.10542331
2018-05-01	34.4	26.9	257454	250.792	257.145	2.27	2.98	2.82	206402200	161765	5756	95689	101.941	101.78	2.19	328521	0.13946145
2018-06-01	34.6	26.79	257642	251.018	257.399	2.33	2.91	2.78	206561600	163277	6812	94365	102.029	101.872	2.1	328692	0.29047222
2018-07-01	34.9	27.1	257843	251.214	257.699	2.39	2.89	2.78	206625400	163734	6730	94109	102.137	102.006	1.64	328863	0.13892672
2018-08-01	34.6	27	258066	251.663	257.891	2.45	2.89	2.77	206727000	161909	6370	96157	102.208	102.016	1.78	329040	0.11341846
2018-09-01	34.8	27.45	258290	252.182	258.368	2.56	3	2.89	206678900	161958	5766	96332	102.418	102.205	2.05	329216	0.04329037
2018-10-01	34.4	27.31	258514	252.772	258.917	2.65	3.15	3	206658600	162723	5771	95792	102.595	102.366	2.28	329379	0.08692307
2018-11-01	34.4	27.35	258708	252.594	259.439	2.7	3.12	2.95	206633900	162665	5650	96043	102.63	102.556	2.54	329527	0.14264265
2018-12-01	34.9	27.69	258888	252.767	260.063	2.66	2.83	2.68	206805800	162510	6029	96378	102.701	102.735	1.79	329659	0.07931633
2019-01-01	34.1	27.72	258239	252.561	260.766	2.58	2.71	2.54	206314800	162104	7140	96135	102.648	102.87	1.77	329766	0.03956437
2019-02-01	34.1	27.79	258392	253.319	261.186	2.55	2.68	2.49	206284400	162793	6625	95599	102.836	102.963	2.55	329862	0.05025587
2019-03-01	34.3	27.79	258537	254.277	261.567	2.49	2.57	2.37	206117500	162823	6382	95714	103.069	103.058	2.14	329977	0.06804424
2019-04-01	34.3	27.86	258693	255.233	261.997	2.42	2.53	2.33	206162800	162097	5387	96596	103.36	103.265	2.75	330103	0.08672686
2019-05-01	34.3	27.78	258861	255.296	262.217	2.34	2.4	2.19	206441700	162655	5503	96207	103.435	103.371	1.1	330240	0.117484
2019-06-01	34.9	27.9	259037	255.213	262.739	2	2.07	1.83	206505300	164120	6292	94917	103.484	103.56	1.64	330393	0.04132086
2019-07-01	34.3	27.86	259225	255.802	263.28	1.96	2.06	1.83	206365800	164941	6556	94284	103.622	103.678	2.05	330553	0.04213027
2019-08-01	34.5	27.94	259432	256.036	263.877	1.77	1.63	1.49	206401200	164019	6203	95413	103.67	103.797	1.98	330729	0.02882301
2019-09-01	34.8	28.3	259638	256.43	264.388	1.8	1.7	1.57	206319100	163943	5465	95694	103.733	103.873	1.27	330904	0.03844051
2019-10-01	34.3	28.19	259845	257.155	264.97	1.61	1.71	1.53	206210100	164576	5510	95269	103.917	104.028	2.02	331066	0.0313803
2019-11-01	34.2	28.26	260020	257.879	265.548	1.57	1.81	1.64	206237400	164386	5441	95634	104.024	104.092	1.54	331213	0.06021778
2019-12-01	34.7	28.51	260181	258.63	266.02	1.55	1.86	1.68	206312900	164007	5503	96174	104.307	104.322	1.81	331345	0.05300593
2020-01-01	33.9	28.56	259502	259.127	266.716	1.53	1.76	1.56	205732500	163497	6504	96004	104.419	104.488	2.36	331443	0.09161694
2020-02-01	34.4	28.81	259628	259.25	267.37	1.41	1.5	1.32	205616000	164235	6218	95393	104.541	104.684	2.56	331525	0.13946203
2020-03-01	34.3	28.91	259758	258.076	267.054	0.33	0.87	0.59	205287800	162537	7370	97221	104.252	104.596	1.13	331667	0.07153998
2020-04-01	34.1	30.12	259896	256.032	265.746	0.18	0.66	0.39	206860900	155830	22504	104066	103.817	104.256	1.38	331750	0.01092304
2020-05-01	34.6	29.64	260047	255.802	265.412	0.16	0.67	0.34	206802800	157975	20514	102072	103.914	104.37	1.9	331751	0.00162942
2020-06-01	34.6	29.11	260204	257.042	265.849	0.18	0.73	0.34	205526700	160883	18072	99321	104.233	104.531	1.52	331795	0.02984688
2020-07-01	34.5	29.22	260373	258.352	267.389	0.15	0.62	0.28	205332700	161374	16882	98998	104.564	104.9	2.5	331861	0.07464274
2020-08-01	35.1	29.51	260558	259.316	268.422	0.13	0.65	0.27	205697300	160966	13742	99592	104.887	105.235	2.31	331936	0.20674896
2020-09-01	34.5	29.46	260742	259.997	268.933	0.13	0.68	0.27	206109100	160073	12277	100670	105.046	105.395	1.31	332017	0.28249623
2020-10-01	34.8	29.47	260925	260.319	269.306	0.13	0.79	0.34	206004100	161053	10620	99872	105.106	105.47	1.26	332092	0.19827243
2020-11-01	35.1	29.76	261085	260.911	269.981	0.12	0.87	0.39	206206700	160468	10264	100617	105.225	105.578	0.97	332129	0.10692954
2020-12-01	34.8	29.84	261230	262.045	270.341	0.1	0.93	0.39	206214400	160017	10404	101213	105.69	105.904	1.61	332113	0.10487962
2021-01-01	34.6	30.06	260851	262.639	270.416	0.1	1.08	0.45	205138800	159234	10851	101618	106.083	106.244	2.43	332058	0.16403903
2021-02-01	34.3	30.13	260918	263.573	270.776	0.07	1.26	0.54	205108900	160008	10486	100910	106.471	106.477	2.44	332034	0.23639771
2021-03-01	34.7	30.03	261003	264.847	271.453	0.08	1.61	0.82	205096600	160397	9905	100606	107.032	106.898	2.36	332074	0.32071476
2021-04-01	34.8	30.31	261103	266.625	273.626	0.06	1.64	0.86	205464900	160379	9220	100723	107.632	107.549	2.74	332140	0.79475046
2021-05-01	35.2	30.53	261210	268.404	275.457	0.05	1.62	0.82	205616000	160607	8829	100603	108.184	108.103	3.31	332212	0.83591293
2021-06-01	34.8	30.28	261338	270.71	277.608	0.07	1.52	0.84	205377300	162167	9883	99172	108.748	108.595	2.26	332299	0.86043492
2021-07-01	34.7	30.49	261469	271.965	278.639	0.08	1.32	0.76	205299600	162817	9221	98653	109.275	109.062	3.21	332455	0.86234144
2021-08-01	35.1	30.81	261611	272.752	279.021	0.07	1.28	0.77	205310300	161788	8556	99823	109.72	109.436	3.21	332644	0.83669448
2021-09-01	34.5	30.9	261766	273.942	279.727	0.08	1.37	0.86	205487400	161392	7366	100373	110.047	109.657	4.24	332805	0.84279611
2021-10-01	34.7	31.08	261908	276.528	281.649	0.11	1.58	1.11	205378100	161863	6896	100045	110.741	110.184	4.67	332961	0.76446306
2021-11-01	34.7	31.13	262029	278.824	283.411	0.18	1.56	1.2	205399700	162099	6302	99930	111.51	110.792	4.21	333117	0.88290537
2021-12-01	34.8	31.32	262136	280.806	285.221	0.3	1.47	1.23	205398600	161696	5964	100440	112.221	111.458	4.87	333260	0.9243727
2022-01-01	34.5	31.96	263202	282.542	286.799	0.55	1.76	1.54	207045200	162825	7207	100378	112.776	111.988	6.59	333360	0.92880813
2022-02-01	34.5	31.71	263324	284.525	288.256	1	1.93	1.81	206929400	163725	6782	99600	113.489	112.492	4.89	333457	0.92570403
2022-03-01	34.5	31.8	263444	287.467	289.044	1.34	2.13	2.11	206789000	164274	6168	99170	114.489	112.916	3.4	333610	0.96719178
2022-04-01	34.4	32.05	263559	288.582	290.474	1.89	2.75	2.78	206912900	163449	5458	100110	114.845	113.301	3.33	333792	0.98079774
2022-05-01	34.8	32.22	263679	291.299	292.039	2.06	2.9	2.87	207110500	164157	5548	99521	115.542	113.709	5.44	333976	0.94143188
2022-06-01	34.6	31.93	263835	295.072	294.009	2.65	3.14	3.19	207355500	165012	6334	98822	116.631	114.376	7.09	334168	0.94146298
2022-07-01	34.5	32.2	264012	294.94	295.08	3.02	2.9	2.96	207477100	165321	6255	98690	116.662	114.638	4.6	334393	0.91400168
2022-08-01	34.5	32.25	264184	295.162	296.582	3.28	2.9	3.03	207441300	164971	6256	99213	117.002	115.298	6.44	334652	0.77564487
2022-09-01	34.5	32.5	264356	296.421	298.281	3.89	3.52	3.7	207521300	164463	5460	99893	117.377	115.805	4.16	334912	0.86735393
2022-10-01	34.9	32.87	264535	297.979	299.381	4.43	3.98	4.18	207583100	164753	5609	99782	117.891	116.2	4.91	335155	0.78987534
2022-11-01	34.4	32.71	264708	298.708	300.316	4.73	3.89	4.06	207634100	164272	5523	100436	118.221	116.554	3.87	335386	0.76787845
2022-12-01	34.4	32.86	264844	298.808	301.433	4.68	3.62	3.76	207665700	164224	5352	100621	118.403	116.977	4.28	335604	0.86547967
2023-01-01	34.6	33.4	265962	300.456	302.685	4.69	3.53	3.64	208268700	165070	6378	100892	119.007	117.526	5.88	335807	0.75610376
2023-02-01	34.3	33.2	266112	301.476	304.097	4.93	3.75	3.94	208233700	166178	6465	99934	119.401	117.963	4.73	336015	0.8380991
2023-03-01	34.2	33.26	266272	301.643	305.123	4.68	3.66	3.82	208129800	166783	6043	99489	119.553	118.304	3.85	336232	0.84522289
2023-04-01	34.6	33.76	266443	302.858	306.49	4.68	3.46	3.54	208268800	166221	5146	100222	119.97	118.715	4.17	336451	0.74146008
2023-05-01	34.2	33.45	266618	303.316	307.623	4.91	3.57	3.59	208458600	166702	5700	99916	120.14	119.063	3.42	336679	0.86838014
2023-06-01	34.3	33.42	266801	304.099	308.291	5.24	3.75	3.95	208625800	167910	6351	98891	120.435	119.37	2.44	336925	0.70169429
2023-07-01	34.7	33.92	267002	304.615	308.959	5.37	3.9	4.14	208801100	168354	6372	98649	120.598	119.536	2.53	337200	0.58454608
2023-08-01	34.4	33.71	267213	306.138	309.646	5.37	4.17	4.31	208841300	168049	6623	99164	120.965	119.658	2.76	337501	0.88827022
2023-09-01	34.3	33.94	267428	307.374	310.616	5.44	4.38	4.49	209014400	167718	6049	99710	121.387	120.04	3.33	337800	0.81976066
2023-10-01	34.7	34.24	267642	307.653	311.433	5.42	4.8	4.77	209060500	167774	6098	99868	121.421	120.2	2.38	338088	0.85781521
2023-11-01	34.3	34.05	267822	308.087	312.373	5.28	4.5	4.49	209134600	167977	5827	99845	121.415	120.309	1.94	338366	0.53975846
2023-12-01	34.4	34.23	267991	308.735	313.23	4.96	4.02	4	209259700	166661	5907	101330	121.602	120.528	2.11	338626	0.31027945
2024-01-01	33.8	34.64	267540	309.794	314.389	4.79	4.06	3.98	208531800	166428	6778	101113	122.115	121.128	5.56	338867	0.18118006
2024-02-01	34.1	34.57	267711	311.022	315.555	4.92	4.21	4.19	208405300	167285	6970	100426	122.494	121.418	3.16	339114	0.3657844
2024-03-01	34.2	34.65	267884	312.107	316.762	4.99	4.21	4.2	208427400	167960	6604	99924	122.912	121.829	3.28	339378	0.62642635
2024-04-01	34.1	34.86	268066	313.016	317.596	5.14	4.54	4.56	208455500	167484	5894	100582	123.234	122.14	2.71	339648	0.57659829
2024-05-01	34.2	34.81	268248	313.14	318.053	5.16	4.48	4.5	208724000	167576	6235	100672	123.224	122.239	2.19	339927	0.62090761
2024-06-01	34.7	34.98	268438	313.131	318.343	5.11	4.31	4.32	208854700	169007	7233	99431	123.369	122.51	2.1	340213	0.29543369
2024-07-01	34.1	34.93	268644	313.566	318.933	4.9	4.25	4.16	208916000	169723	7685	98921	123.575	122.722	2	340448	0.2524405
2024-08-01	34.3	35.02	268856	314.131	319.839	4.43	3.87	3.71	209049900	168763	7415	100092	123.727	122.926	2.06	340637	0.25727422
2024-09-01	34.6	35.46	269080	314.851	320.835	4.03	3.72	3.5	209290200	168569	6524	100511	123.939	123.234	2.5	340825	0.14932631
2024-10-01	34.2	35.41	269289	315.564	321.688	4.2	4.1	3.91	209373000	168569	6631	100720	124.265	123.595	3.33	341002	0.11532305
2024-11-01	34.2	35.47	269463	316.449	322.619	4.33	4.36	4.23	209596500	168164	6708	101299	124.399	123.716	2.18	341169	0.21709907
2024-12-01	34.6	35.82	269638	317.603	323.296	4.23	4.39	4.25	209630800	167746	6452	101892	124.769	123.98	3.02	341320	0.19279942
2025-01-01	33.7	36	272685	319.086	324.739	4.18	4.63	4.43	211619200	169814	7467	102871	125.239	124.407	3.03	341454	0.31141196
2025-02-01	34.3	36.19	272847	319.775	325.475	4.19	4.45	4.28	211317300	170116	7572	102731	125.772	124.999	3.03	341588	0.41270227
2025-03-01	34.5	36.22	273023	319.615	325.659	4.06	4.28	4.04	211396000	170653	7242	102369	125.791	125.118	2.68	341729	0.63662349
2025-04-01	34.2	36.17	273197	320.321	326.43	3.95	4.28	3.91	211505100	170650	6582	102547	125.99	125.343	2.97	341874	0.05397754
2025-05-01	34.1	36.14	273385	320.58	326.854	4.09	4.42	4.02	211785300	170216	6815	103169	126.201	125.61	2	342032	0.010644
2025-06-01	34.6	36.3	273585	321.5	327.6	4.06	4.38	3.96	212006200	171343	7460	102242	126.555	125.932	3.35	342197	0
2025-07-01	34.2	36.26	273785			4.08	4.39	3.95		171646	7847	102140					0.50901036
