"DATE"	"A191RL1Q225SBEA"	"A191RO1Q156NBEA"	"B230RC0Q173SBEA"	"CAPUTLB50001SQ"	"GDPPOT"	"ND000334Q"
1947-01-01			143143			
1947-04-01	-1.1		143790			
1947-07-01	-0.8		144449			
1947-10-01	6.4		145122			
1948-01-01	6.2	2.6	145709			
1948-04-01	6.8	4.6	146289			
1948-07-01	2.3	5.4	146921			
1948-10-01	0.5	3.9	147607			
1949-01-01	-5.4	0.9	148254		2104.05060491388	
1949-04-01	-1.4	-1	148847		2131.64869264251	
1949-07-01	4.2	-0.6	149485		2160.47954292591	
1949-10-01	-3.3	-1.5	150167		2188.02898551255	
1950-01-01	16.6	3.8	150786		2217.26007703257	
1950-04-01	12.8	7.3	151319		2246.72918435369	
1950-07-01	16.4	10.3	151973		2276.36888016772	
1950-10-01	7.9	13.4	152658		2307.36605234811	
1951-01-01	5.5	10.6	153291		2338.824974318	
1951-04-01	7.1	9.1	153902		2370.32277429375	
1951-07-01	8.5	7.3	154610		2403.1071314889	
1951-10-01	0.9	5.5	155344		2437.16070398708	
1952-01-01	4.3	5.2	155976		2471.42033130485	
1952-04-01	0.9	3.6	156587		2506.88170459912	
1952-07-01	2.9	2.2	157267		2539.80152495903	
1952-10-01	13.8	5.4	157986		2570.74983362087	
1953-01-01	7.6	6.2	158574		2598.67336978096	
1953-04-01	3.1	6.8	159160		2624.78051924098	
1953-07-01	-2.2	5.4	159889		2648.17787583369	
1953-10-01	-5.9	0.5	160639		2669.14793245448	
1954-01-01	-1.9	-1.8	161328		2688.87945684181	
1954-04-01	0.4	-2.4	161983		2706.70024003047	
1954-07-01	4.6	-0.8	162731		2723.56546658203	
1954-10-01	8.1	2.7	163524		2740.8014634802	
1955-01-01	11.9	6.2	164204		2757.5375440431	
1955-04-01	6.6	7.8	164864		2775.48694757419	
1955-07-01	5.5	8	165612		2793.0733686536	
1955-10-01	2.4	6.6	166419		2811.30680247242	
1956-01-01	-1.5	3.2	167109		2829.908366033	
1956-04-01	3.3	2.4	167788		2848.31389865172	
1956-07-01	-0.4	0.9	168573		2867.57651734714	
1956-10-01	6.8	2	169416		2887.98294847122	
1957-01-01	2.6	3	170172		2909.99693055139	
1957-04-01	-0.9	2	170869		2933.44874293786	
1957-07-01	4	3.1	171638		2957.98323777117	
1957-10-01	-4.1	0.4	172417		2983.72548944244	
1958-01-01	-10	-2.9	173064		3009.660085908	
1958-04-01	2.6	-2	173729		3036.55061430456	
1958-07-01	9.6	-0.7	174483		3063.96444649183	
1958-10-01	9.7	2.7	175288		3092.79235670871	
1959-01-01	7.9	7.4	176045		3122.00754824872	
1959-04-01	9.3	9.1	176727		3152.23242225977	
1959-07-01	0.3	6.7	177481		3184.16158837188	
1959-10-01	1.1	4.6	178268		3216.30373282045	
1960-01-01	9.3	4.9	179319		3249.29747106986	
1960-04-01	-2.1	2.1	180401		3282.02343795355	
1960-07-01	2	2.5	181301		3314.9506298742	
1960-10-01	-5	0.9	182019		3347.5840303998	
1961-01-01	2.7	-0.7	182634		3380.72326106346	
1961-04-01	7	1.6	183337		3413.06848450708	
1961-07-01	7.9	3	184103		3446.77171003923	
1961-10-01	8.1	6.4	184894		3480.82745673521	
1962-01-01	7.3	7.6	185553		3515.97703543014	
1962-04-01	3.7	6.7	186203		3552.03833063688	
1962-07-01	5	6	186926		3589.01232746121	
1962-10-01	1.3	4.3	187680		3626.70580771602	
1963-01-01	4.4	3.6	188299		3664.84769228129	
1963-04-01	4.6	3.8	188906		3703.84646624397	
1963-07-01	9.1	4.8	189631		3743.53069568215	
1963-10-01	2.7	5.2	190362		3784.04903003592	
1964-01-01	8.7	6.2	190954		3824.67093068094	
1964-04-01	4.4	6.2	191560		3866.19884517447	
1964-07-01	6.4	5.5	192256		3908.25470317187	
1964-10-01	1.2	5.2	192938		3950.37564563174	
1965-01-01	10	5.5	193467		3993.85153877041	
1965-04-01	5.2	5.7	193994		4036.64032342152	
1965-07-01	9.2	6.3	194647		4081.09841191667	
1965-10-01	9.5	8.5	195279		4126.10292295846	
1966-01-01	10.1	8.5	195763		4171.86480187314	
1966-04-01	1.4	7.5	196277		4218.31133448691	
1966-07-01	3.4	6	196877		4265.47656962191	
1966-10-01	3.3	4.5	197481		4312.49014692388	
1967-01-01	3.6	2.9	197967	88.1495	4360.27184434822	
1967-04-01	0.3	2.6	198455	86.6086	4408.35077632975	
1967-07-01	3.8	2.7	199012	86.0431	4456.8385402555	
1967-10-01	3.1	2.7	199572	87.1866	4506.45963304512	
1968-01-01	8.4	3.8	199995	87.3361	4556.67814458917	
1968-04-01	6.9	5.5	200452	87.4701	4606.99359964516	
1968-07-01	3.1	5.3	200997	87.1232	4658.56986219423	
1968-10-01	1.6	5	201538	87.4267	4710.98144342926	
1969-01-01	6.4	4.5	201955	88.1387	4761.75339449628	
1969-04-01	1.2	3.1	202419	87.5776	4810.69719401077	
1969-07-01	2.7	2.9	202986	87.6911	4857.35636114652	
1969-10-01	-1.9	2	203584	86.2298	4902.08215705207	
1970-01-01	-0.6	0.3	204086	83.3073	4945.12056257739	
1970-04-01	0.6	0.2	204721	82.0769	4986.33863163396	
1970-07-01	3.7	0.4	205419	81.0276	5026.20522243487	
1970-10-01	-4.2	-0.2	206130	78.5478	5065.04719241473	
1971-01-01	11.3	2.7	206763	79.3934	5103.93172801481	
1971-04-01	2.2	3.1	207362	79.5027	5143.60842255164	
1971-07-01	3.3	3	208000	79.1457	5183.87313492871	
1971-10-01	1	4.4	208642	80.3729	5224.74923937388	
1972-01-01	7.6	3.5	209142	83.1917	5266.39451253143	
1972-04-01	9.4	5.3	209637	84.1495	5308.64115978099	
1972-07-01	3.8	5.4	210181	84.5425	5351.57456000385	
1972-10-01	6.9	6.9	210737	86.7229	5395.22409247495	
1973-01-01	10.3	7.6	211192	88.3711	5439.88960931134	
1973-04-01	4.4	6.3	211663	88.2214	5486.69672719185	
1973-07-01	-2.1	4.8	212191	88.0567	5534.06874198945	
1973-10-01	3.9	4	212708	88.5098	5582.51994187006	
1974-01-01	-3.4	0.6	213144	86.9336	5631.59863724926	
1974-04-01	1	-0.2	213602	86.3134	5680.97039331589	
1974-07-01	-3.7	-0.6	214147	85.396	5729.75264091535	
1974-10-01	-1.5	-1.9	214700	81.5166	5777.80231813773	
1975-01-01	-4.8	-2.3	215135	75.7094	5824.54309169916	
1975-04-01	2.9	-1.8	215652	74.3632	5870.25528010044	
1975-07-01	7	0.8	216289	75.8213	5915.57577239311	
1975-10-01	5.5	2.6	216848	77.0566	5960.94797673003	
1976-01-01	9.3	6.2	217314	78.9466	6006.20487435521	
1976-04-01	3	6.2	217776	79.4555	6052.32398843067	
1976-07-01	2.2	5	218338	79.9681	6099.82663364255	
1976-10-01	2.9	4.3	218917	80.8502	6148.07963851686	
1977-01-01	4.8	3.2	219427	81.8973	6197.95641189097	
1977-04-01	8	4.5	219956	83.8213	6249.00985658387	
1977-07-01	7.4	5.8	220573	84.0605	6300.83890503611	
1977-10-01	0	5	221201	83.881	6354.08466144675	
1978-01-01	1.3	4.1	221719	82.9338	6408.73386343225	
1978-04-01	16.4	6.1	222281	85.5431	6464.47012844517	
1978-07-01	4.1	5.2	222933	85.5629	6521.71126579075	
1978-10-01	5.5	6.7	223583	86.3625	6580.02714270136	
1979-01-01	0.7	6.5	224152	86.0731	6639.97921193967	
1979-04-01	0.4	2.7	224737	85.2105	6697.93868420551	
1979-07-01	3	2.4	225418	84.3428	6757.01710279926	
1979-10-01	1	1.3	226117	84.1179	6807.43135101808	
1980-01-01	1.3	1.4	226754	83.958	6853.97410111297	
1980-04-01	-8	-0.8	227389	79.938	6896.05350749436	
1980-07-01	-0.5	-1.6	228070	78.1572	6933.63003336388	
1980-10-01	7.7	0	228689	80.6554	6973.29876560646	
1981-01-01	8.1	1.6	229155	80.29	7017.08285001716	
1981-04-01	-2.9	3	229674	79.9366	7064.06824566191	
1981-07-01	4.9	4.3	230301	80.0732	7113.66709084489	
1981-10-01	-4.3	1.3	230903	77.7126	7165.84626520865	
1982-01-01	-6.1	-2.2	231395	75.6351	7219.8608180578	
1982-04-01	1.8	-1	231906	74.2906	7275.19765008185	
1982-07-01	-1.5	-2.6	232498	72.928	7331.6461214549	
1982-10-01	0.2	-1.4	233074	71.3698	7389.19694034572	
1983-01-01	5.4	1.4	233546	72.0691	7446.70712396153	
1983-04-01	9.4	3.3	234028	73.6179	7505.60082845327	
1983-07-01	8.2	5.7	234603	76.0642	7566.21767954535	
1983-10-01	8.6	7.9	235153	77.904	7629.34616927036	
1984-01-01	8.1	8.6	235605	79.9375	7701.16114944348	
1984-04-01	7.1	8	236082	80.7835	7768.86250274969	
1984-07-01	3.9	6.9	236657	80.8455	7838.09698758813	
1984-10-01	3.3	5.6	237232	80.3294	7908.40994340334	
1985-01-01	3.9	4.6	237673	79.9932	7978.98457353985	
1985-04-01	3.6	3.7	238176	79.4557	8049.74450015821	
1985-07-01	6.2	4.3	238789	78.7803	8120.35934296147	
1985-10-01	3	4.2	239387	78.7732	8190.52282594245	
1986-01-01	3.8	4.1	239861	78.8945	8260.0760117667	
1986-04-01	1.8	3.7	240368	78.1641	8329.29049544618	
1986-07-01	3.9	3.1	240962	78.2376	8398.32168318115	
1986-10-01	2.2	2.9	241539	78.8437	8467.28088571419	
1987-01-01	3	2.7	242009	79.5186	8535.83029898143	
1987-04-01	4.4	3.4	242520	80.4842	8604.09685974709	
1987-07-01	3.5	3.3	243120	81.5346	8672.09795683478	
1987-10-01	7	4.5	243721	83.0985	8740.35520686108	
1988-01-01	2.1	4.2	244208	83.6204	8808.24216135715	
1988-04-01	5.4	4.5	244716	84.2062	8876.37626131362	
1988-07-01	2.4	4.2	245354	84.4128	8944.32849349628	
1988-10-01	5.4	3.8	245966	84.8304	9012.22453064848	
1989-01-01	4.1	4.3	246460	84.9236	9079.78364735601	
1989-04-01	3.1	3.7	247017	84.1548	9146.94407873701	
1989-07-01	3	3.9	247698	83.0861	9213.66641335173	
1989-10-01	0.8	2.7	248374	82.8241	9280.11715354971	
1990-01-01	4.4	2.8	248936	82.8396	9345.72906231577	
1990-04-01	1.5	2.4	249711	82.9003	9410.69827950892	
1990-07-01	0.3	1.7	250595	82.7931	9474.2945262599	
1990-10-01	-3.6	0.6	251482	81.1803	9536.66073347657	
1991-01-01	-1.9	-0.9	252258	79.3866	9598.13384737104	
1991-04-01	3.2	-0.5	253063	79.6182	9658.7722615471	
1991-07-01	2	-0.1	253965	80.5069	9719.05225550758	
1991-10-01	1.4	1.2	254835	80.3812	9779.68712189762	
1992-01-01	4.9	2.9	255585	79.8685	9840.95736340245	
1992-04-01	4.4	3.2	256439	80.7952	9903.22421874134	
1992-07-01	4	3.7	257386	80.8903	9967.18926570393	
1992-10-01	4.2	4.4	258277	81.2344	10032.2124322612	
1993-01-01	0.7	3.3	259039	81.5631	10098.2893250648	
1993-04-01	2.3	2.8	259826	81.3537	10165.9780138778	
1993-07-01	1.9	2.3	260714	81.291	10234.6817476429	
1993-10-01	5.5	2.6	261547	82.1205	10304.2219861564	
1994-01-01	3.9	3.4	262250	82.585	10374.3206746335	
1994-04-01	5.5	4.2	263020	83.4134	10444.8718648733	
1994-07-01	2.4	4.3	263870	83.6933	10516.4033890138	
1994-10-01	4.7	4.1	264678	84.5482	10588.5100749116	
1995-01-01	1.4	3.5	265388	84.5617	10660.8512199494	
1995-04-01	1.2	2.4	266142	83.9309	10733.9241392145	
1995-07-01	3.4	2.7	267000	83.7784	10807.2352401387	
1995-10-01	2.7	2.2	267820	83.4308	10882.1474701193	
1996-01-01	3	2.6	268487	82.8774	10958.2374644673	
1996-04-01	6.8	4	269251	83.4869	11038.9935416998	
1996-07-01	3.6	4	270128	83.4049	11125.4636871126	
1996-10-01	4.2	4.4	270991	83.3758	11217.5508013308	
1997-01-01	2.6	4.3	271709	83.7332	11315.1160738239	
1997-04-01	6.8	4.3	272487	83.627	11417.5148009159	
1997-07-01	5.1	4.7	273391	84.1335	11525.0735151062	
1997-10-01	3.5	4.5	274246	84.6637	11636.5249359117	
1998-01-01	4.1	4.9	274950	83.9745	11751.276375894	
1998-04-01	3.8	4.1	275703	82.9315	11869.7764042784	
1998-07-01	5.1	4.1	276564	82.1367	11990.4282067397	
1998-10-01	6.6	4.9	277400	82.0671	12113.2492017673	
1999-01-01	3.8	4.8	278103	81.8978	12238.5117913994	
1999-04-01	3.4	4.7	278864	81.6933	12365.2849898919	
1999-07-01	5.4	4.8	279751	81.5265	12493.7034835611	
1999-10-01	6.7	4.8	280592	82.0986	12624.3397675143	
2000-01-01	1.5	4.2	281304	82.0771	12756.1977992918	
2000-04-01	7.5	5.2	282002	82.2414	12885.549542919	
2000-07-01	0.4	4	282769	81.3494	13010.0471241079	
2000-10-01	2.4	2.9	283518	80.3346	13129.1447680633	
2001-01-01	-1.3	2.2	284169	78.5419	13242.6261142211	
2001-04-01	2.5	1	284838	76.854	13350.3997705019	
2001-07-01	-1.6	0.5	285584	75.1907	13452.5043895306	
2001-10-01	1.1	0.2	286311	73.893	13549.5783083476	
2002-01-01	3.4	1.3	286935	74.0686	13642.0266536659	3263.869
2002-04-01	2.5	1.3	287574	74.9989	13731.5275369163	3362.508
2002-07-01	1.6	2.1	288303	75.381	13819.4217452817	3401.82
2002-10-01	0.5	2	289007	75.3722	13906.0730892485	3460.159
2003-01-01	2.1	1.7	289609	75.9235	13992.4845048455	3340.163
2003-04-01	3.6	2	290253	75.4311	14079.716647492	3429.079
2003-07-01	6.8	3.2	290974	75.9974	14166.9683806409	3498.914
2003-10-01	4.7	4.3	291669	76.7714	14255.2957485288	3597.364
2004-01-01	2.3	4.4	292237	77.3625	14345.4715252156	3484.837
2004-04-01	3.2	4.2	292875	77.8423	14436.9676951316	3575.515
2004-07-01	3.8	3.5	293603	78.2882	14530.6571547786	3617.667
2004-10-01	4.2	3.4	294334	79.3292	14625.54005176	3721.678
2005-01-01	4.5	3.9	294957	80.277	14718.9071571952	3603.67
2005-04-01	2	3.6	295588	80.4635	14809.9663555948	3701.582
2005-07-01	3.2	3.4	296340	79.8134	14899.7646723963	3767.844
2005-10-01	2.3	3	297086	80.1968	14987.7347477768	3828.173
2006-01-01	5.5	3.2	297736	80.6335	15073.6648170587	3729.338
2006-04-01	1	3	298408	80.7421	15158.0237153798	3836.061
2006-07-01	0.6	2.3	299180	80.5803	15239.1033395682	3833.693
2006-10-01	3.4	2.6	299946	80.2018	15316.9142182979	3916.851
2007-01-01	1.2	1.5	300609	80.4189	15394.5912629946	3785.119
2007-04-01	2.6	1.9	301284	80.8666	15472.7721486488	3896.72
2007-07-01	2.4	2.4	302062	80.6709	15551.6854482786	3926.744
2007-10-01	2.5	2.2	302829	80.8642	15630.1643899517	4015.289
2008-01-01	-1.6	1.4	303494	80.7013	15707.8964360188	3902.77
2008-04-01	2.3	1.4	304160	79.6275	15782.9451187732	3934.652
2008-07-01	-2.1	0.2	304902	77.0197	15854.4791535544	3910.393
2008-10-01	-8.5	-2.5	305616	73.495	15921.6470523935	3895.147
2009-01-01	-4.6	-3.3	306237	69.0855	15983.2985227003	3703.443
2009-04-01	-0.7	-4	306866	66.9667	16040.7026446231	3782.545
2009-07-01	1.5	-3.1	307573	68.0573	16094.7416717907	3823.607
2009-10-01	4.3	0.1	308285	69.3406	16147.0633568924	3926.667
2010-01-01	2	1.8	308901	71.0898	16199.7102423223	3776.48
2010-04-01	3.9	2.9	309488	72.9487	16253.7161571203	3900.64
2010-07-01	3.1	3.3	310148	74.3353	16310.4477238107	3945.123
2010-10-01	2.1	2.8	310817	74.9037	16369.3051514351	4026.748
2011-01-01	-1	2	311376	75.4038	16430.4647667806	3871.183
2011-04-01	2.7	1.7	311940	75.6201	16494.1241873801	3957.95
2011-07-01	-0.2	0.9	312606	76.2349	16560.1095283173	3983.907
2011-10-01	4.6	1.5	313258	76.6584	16627.8916535486	4078.494
2012-01-01	3.3	2.6	313813	76.9805	16697.3907199244	3986.349
2012-04-01	1.8	2.4	314373	77.024	16768.9711784616	4046.533
2012-07-01	0.7	2.6	315030	76.6226	16842.1603145214	4083.025
2012-10-01	0.4	1.6	315685	76.6429	16916.6538826487	4138.064
2013-01-01	3.5	1.6	316196	76.9182	16992.5714864277	4017.571
2013-04-01	0.6	1.3	316733	77.0049	17069.5660620111	4104.203
2013-07-01	3.2	1.9	317396	77.1103	17147.1507822778	4170.71
2013-10-01	2.9	2.5	318072	77.471	17225.8023883993	4260.864
2014-01-01	-1.4	1.3	318645	77.8521	17305.4194541681	4079.517
2014-04-01	5.2	2.5	319228	78.7323	17385.7105293936	4194.264
2014-07-01	4.7	2.8	319919	78.993	17467.5492094804	4287.261
2014-10-01	1.8	2.6	320611	79.2124	17550.0147920084	4371.009
2015-01-01	3.3	3.8	321168	78.1871	17632.760612538	4212.523
2015-04-01	2.3	3	321744	77.0087	17715.601334992	4343.294
2015-07-01	1.3	2.2	322428	77.0426	17797.9113389358	4389.955
2015-10-01	0.6	1.9	323110	75.9918	17879.0750227073	4444.522
2016-01-01	2.4	1.6	323689	75.496	17959.5247256684	4288.31
2016-04-01	1.2	1.4	324265	75.1707	18039.0585514838	4407.286
2016-07-01	2.4	1.6	324926	75.3204	18117.6491898626	4449.603
2016-10-01	2	2	325557	75.1925	18195.8769397078	4535.075
2017-01-01	1.7	1.8	326053	75.289	18274.5328220628	4340.814
2017-04-01	2	2	326554	76.4988	18352.950873578	4510.507
2017-07-01	3.4	2.3	327140	76.4803	18433.5035219841	4556.956
2017-10-01	4.1	2.8	327692	77.7549	18516.0760514635	4668.375
2018-01-01	2.8	3.1	328091	78.3806	18600.542516946	4500.182
2018-04-01	2.8	3.3	328526	79.4599	18687.3220970319	4646.83
2018-07-01	2.9	3.2	329040	80.1148	18776.0991104684	4689.905
2018-10-01	0.7	2.3	329522	80.0088	18865.3728974531	4772.161
2019-01-01	2.2	2.2	329868	79.0816	18954.7645995055	4584.814
2019-04-01	2.7	2.1	330245	78.4919	19044.8814602734	4753.025
2019-07-01	3.6	2.3	330729	78.2755	19135.4193436576	4796.221
2019-10-01	1.8	2.6	331208	77.5252	19225.5990857475	4901.993
2020-01-01	-4.6	0.8	331534	76.1875	19314.3302285625	4628.46
2020-04-01	-29.9	-8.4	331699	66.6309	19399.6594242948	4335.915
2020-07-01	35.3	-2	331872	73.0298	19477.2142829202	4701.108
2020-10-01	3.9	-1.5	332045	74.6035	19559.2712598698	4843.66
2021-01-01	6.3	1.2	331989	75.6195	19644.49	4691.624
2021-04-01	7	12.5	332149	77.1678	19732.99	4890.835
2021-07-01	2.7	5	332480	77.9702	19822.82	4916.402
2021-10-01	7	5.7	332786	78.7669	19914.29	5110.951
2022-01-01	-1.6	3.7	332978	79.3907	20005.45	4855.857
2022-04-01	-0.6	1.8	333321	79.9921	20101.18	4985.795
2022-07-01	3.2	1.9	333799	79.9996	20197.94	5018.093
2022-10-01	2.9	1	334282	79.3727	20295.47	5172.445
2023-01-01					20393.62	
2023-04-01					20492.06	
2023-07-01					20591.2	
2023-10-01					20690.79	
2024-01-01					20790.79	
2024-04-01					20890.48	
2024-07-01					20989.97	
2024-10-01					21089.27	
2025-01-01					21188.34	
2025-04-01					21287.1	
2025-07-01					21385.9	
2025-10-01					21484.64	
2026-01-01					21583.28	
2026-04-01					21681.52	
2026-07-01					21779.48	
2026-10-01					21877.36	
2027-01-01					21975.23	
2027-04-01					22072.85	
2027-07-01					22170.42	
2027-10-01					22268.1	
2028-01-01					22365.98	
2028-04-01					22464.41	
2028-07-01					22563.27	
2028-10-01					22662.71	
2029-01-01					22762.78	
2029-04-01					22863.51	
2029-07-01					22964.27	
2029-10-01					23065.07	
2030-01-01					23165.98	
2030-04-01					23267.08	
2030-07-01					23368.31	
2030-10-01					23469.66	
2031-01-01					23571.2	
2031-04-01					23672.91	
2031-07-01					23774.75	
2031-10-01					23876.74	
2032-01-01					23978.93	
2032-04-01					24081.32	
2032-07-01					24183.71	
2032-10-01					24286.07	
