"DATE"	"A191RL1Q225SBEA"	"A191RO1Q156NBEA"	"B230RC0Q173SBEA"	"CAPUTLB50001SQ"	"GDPPOT"	"ND000334Q"
1947-04-01	-1		143790			
1947-07-01	-0.8		144449			
1947-10-01	6.4		145122			
1948-01-01	6.2	2.6	145709			
1948-04-01	6.8	4.6	146289			
1948-07-01	2.3	5.4	146921			
1948-10-01	0.5	3.9	147607			
1949-01-01	-5.4	0.9	148254		2254.866716	
1949-04-01	-1.4	-1	148847		2287.486427	
1949-07-01	4.2	-0.6	149485		2321.150343	
1949-10-01	-3.3	-1.5	150167		2352.817952	
1950-01-01	16.7	3.8	150786		2380.500009	
1950-04-01	12.7	7.3	151319		2412.361929	
1950-07-01	16.4	10.3	151973		2443.517843	
1950-10-01	7.9	13.4	152658		2475.398448	
1951-01-01	5.5	10.6	153291		2507.382112	
1951-04-01	7.1	9.2	153902		2539.256844	
1951-07-01	8.5	7.3	154610		2572.906986	
1951-10-01	0.9	5.5	155344		2608.829348	
1952-01-01	4.3	5.2	155976		2646.598763	
1952-04-01	0.8	3.6	156587		2687.699101	
1952-07-01	2.9	2.2	157267		2727.236808	
1952-10-01	13.8	5.4	157986		2764.659594	
1953-01-01	7.7	6.2	158574		2797.683493	
1953-04-01	3.1	6.8	159160		2826.63259	
1953-07-01	-2.2	5.4	159889		2851.164791	
1953-10-01	-5.9	0.5	160639		2872.154175	
1954-01-01	-1.9	-1.8	161328		2891.620491	
1954-04-01	0.4	-2.4	161983		2909.362011	
1954-07-01	4.6	-0.8	162731		2926.456505	
1954-10-01	8.1	2.7	163524		2944.378518	
1955-01-01	11.9	6.2	164204		2962.006966	
1955-04-01	6.7	7.8	164864		2981.063839	
1955-07-01	5.5	8	165612		2999.764844	
1955-10-01	2.4	6.6	166419		3019.152595	
1956-01-01	-1.5	3.2	167109		3038.588138	
1956-04-01	3.3	2.4	167788		3057.44897	
1956-07-01	-0.3	0.9	168573		3077.140146	
1956-10-01	6.8	2	169416		3098.206236	
1957-01-01	2.6	3.1	170172		3121.456677	
1957-04-01	-0.9	2	170869		3146.925137	
1957-07-01	4	3.1	171638		3173.969862	
1957-10-01	-4.1	0.4	172417		3202.258287	
1958-01-01	-10	-2.9	173064		3230.455474	
1958-04-01	2.7	-2	173729		3259.1233	
1958-07-01	9.6	-0.7	174483		3287.990357	
1958-10-01	9.7	2.7	175288		3318.540646	
1959-01-01	7.9	7.4	176045		3350.148377	
1959-04-01	9.3	9.1	176727		3383.809953	
1959-07-01	0.3	6.7	177481		3419.804493	
1959-10-01	1.1	4.6	178268		3456.278305	
1960-01-01	9.3	4.9	179319		3493.325542	
1960-04-01	-2.1	2.1	180401		3529.38783	
1960-07-01	2	2.5	181301		3564.886066	
1960-10-01	-5	0.9	182019		3599.087586	
1961-01-01	2.7	-0.7	182634		3632.680173	
1961-04-01	7	1.6	183337		3664.351592	
1961-07-01	7.9	3	184103		3697.145837	
1961-10-01	8.1	6.4	184894		3730.888343	
1962-01-01	7.3	7.6	185553		3767.211738	
1962-04-01	3.7	6.7	186203		3806.616356	
1962-07-01	5	6	186926		3848.40814	
1962-10-01	1.3	4.3	187680		3891.361104	
1963-01-01	4.4	3.6	188299		3934.344945	
1963-04-01	4.6	3.8	188906		3976.929057	
1963-07-01	9.1	4.8	189631		4019.352631	
1963-10-01	2.6	5.2	190362		4062.253653	
1964-01-01	8.7	6.2	190954		4105.386214	
1964-04-01	4.4	6.2	191560		4150.052763	
1964-07-01	6.4	5.5	192256		4195.65874	
1964-10-01	1.2	5.2	192938		4241.580675	
1965-01-01	10	5.5	193467		4288.630997	
1965-04-01	5.2	5.7	193994		4334.526483	
1965-07-01	9.2	6.4	194647		4381.851524	
1965-10-01	9.5	8.5	195279		4429.355723	
1966-01-01	10.1	8.5	195763		4477.400972	
1966-04-01	1.4	7.5	196277		4525.750945	
1966-07-01	3.4	6	196877		4574.953251	
1966-10-01	3.3	4.5	197481		4624.43624	
1967-01-01	3.6	2.9	197967	88.1495	4675.704746	
1967-04-01	0.2	2.6	198455	86.6086	4728.572529	
1967-07-01	3.8	2.7	199012	86.0431	4782.648786	
1967-10-01	3.1	2.7	199572	87.1866	4838.050221	
1968-01-01	8.4	3.8	199995	87.3375	4893.538635	
1968-04-01	6.9	5.5	200452	87.4736	4948.25601	
1968-07-01	3.1	5.3	200997	87.1287	5003.474594	
1968-10-01	1.6	5	201538	87.4344	5058.945297	
1969-01-01	6.4	4.5	201955	88.1485	5112.73941	
1969-04-01	1.2	3.1	202419	87.5894	5164.659538	
1969-07-01	2.7	2.9	202986	87.705	5213.1627	
1969-10-01	-1.9	2	203584	86.2455	5260.569982	
1970-01-01	-0.6	0.3	204086	83.3245	5305.972601	
1970-04-01	0.6	0.2	204721	82.0957	5349.140051	
1970-07-01	3.7	0.4	205419	81.0482	5391.127403	
1970-10-01	-4.2	-0.2	206130	78.5696	5432.862072	
1971-01-01	11.3	2.7	206763	79.4173	5476.136717	
1971-04-01	2.2	3.1	207362	79.5285	5522.065266	
1971-07-01	3.3	3	208000	79.1734	5569.532624	
1971-10-01	0.9	4.4	208642	80.4029	5617.173967	
1972-01-01	7.6	3.5	209142	83.2163	5663.707621	
1972-04-01	9.4	5.2	209637	84.1762	5708.142257	
1972-07-01	3.8	5.4	210181	84.5731	5751.400574	
1972-10-01	6.9	6.9	210737	86.7435	5794.836986	
1973-01-01	10.3	7.6	211192	88.3818	5839.515326	
1973-04-01	4.4	6.3	211663	88.2318	5887.324044	
1973-07-01	-2.1	4.8	212191	88.0678	5936.729789	
1973-10-01	3.9	4	212708	88.5178	5987.771228	
1974-01-01	-3.4	0.6	213144	86.9273	6039.644956	
1974-04-01	1	-0.2	213602	86.2936	6091.813817	
1974-07-01	-3.7	-0.6	214147	85.3885	6143.175779	
1974-10-01	-1.5	-1.9	214700	81.495	6193.950644	
1975-01-01	-4.8	-2.3	215135	75.6707	6243.688744	
1975-04-01	2.9	-1.8	215652	74.3242	6292.808538	
1975-07-01	7	0.8	216289	75.7976	6341.59277	
1975-10-01	5.5	2.6	216848	77.054	6390.22425	
1976-01-01	9.3	6.2	217314	78.9586	6438.193618	
1976-04-01	3	6.2	217776	79.5007	6486.270795	
1976-07-01	2.2	5	218338	80.043	6535.427522	
1976-10-01	2.9	4.3	218917	80.9266	6585.224886	
1977-01-01	4.8	3.2	219427	81.9391	6637.004124	
1977-04-01	8	4.5	219956	83.8333	6690.479	
1977-07-01	7.4	5.8	220573	84.0382	6745.154755	
1977-10-01	0	5	221201	83.8411	6801.571707	
1978-01-01	1.3	4.1	221719	82.8848	6859.412031	
1978-04-01	16.4	6.1	222281	85.5183	6918.216793	
1978-07-01	4.1	5.2	222933	85.5628	6978.560672	
1978-10-01	5.5	6.7	223583	86.3582	7040.228438	
1979-01-01	0.7	6.5	224152	86.065	7104.032112	
1979-04-01	0.4	2.7	224737	85.1806	7165.884873	
1979-07-01	3	2.4	225418	84.2881	7224.262717	
1979-10-01	1	1.3	226117	84.0443	7278.140549	
1980-01-01	1.3	1.4	226754	83.8941	7326.394112	
1980-04-01	-8	-0.8	227389	79.8992	7367.99518	
1980-07-01	-0.5	-1.6	228070	78.1646	7403.120921	
1980-10-01	7.7	0	228689	80.7126	7440.202161	
1981-01-01	8.1	1.6	229155	80.3913	7464.041263	
1981-04-01	-2.9	3	229674	80.0991	7511.001471	
1981-07-01	4.9	4.3	230301	80.2781	7561.344362	
1981-10-01	-4.3	1.3	230903	77.9184	7614.916401	
1982-01-01	-6.1	-2.2	231395	75.8154	7670.935786	
1982-04-01	1.8	-1	231906	74.4429	7728.749407	
1982-07-01	-1.5	-2.6	232498	73.0408	7788.057417	
1982-10-01	0.2	-1.4	233074	71.441	7848.88364	
1983-01-01	5.4	1.4	233546	72.1084	7909.526732	
1983-04-01	9.4	3.3	234028	73.6494	7971.56243	
1983-07-01	8.2	5.7	234603	76.0852	8035.366219	
1983-10-01	8.6	7.9	235153	77.9201	8101.78343	
1984-01-01	8.1	8.6	235605	79.9392	8170.828575	
1984-04-01	7.1	8	236082	80.7784	8242.474702	
1984-07-01	3.9	6.9	236657	80.8314	8315.799056	
1984-10-01	3.3	5.6	237232	80.3168	8390.357347	
1985-01-01	3.9	4.6	237673	80.0095	8465.293021	
1985-04-01	3.6	3.7	238176	79.4986	8540.41938	
1985-07-01	6.3	4.3	238789	78.8594	8615.339004	
1985-10-01	3	4.2	239387	78.8469	8689.681432	
1986-01-01	3.8	4.1	239861	78.9457	8763.169215	
1986-04-01	1.8	3.7	240368	78.172	8835.903368	
1986-07-01	3.9	3.1	240962	78.202	8908.212172	
1986-10-01	2.2	2.9	241539	78.7782	8980.832855	
1987-01-01	3	2.7	242009	79.4448	9053.334811	
1987-04-01	4.4	3.4	242520	80.4457	9125.620753	
1987-07-01	3.5	3.3	243120	81.5375	9197.770225	
1987-10-01	7	4.5	243721	83.1255	9270.501462	
1988-01-01	2.1	4.2	244208	83.6413	9343.141538	
1988-04-01	5.4	4.5	244716	84.2229	9416.313106	
1988-07-01	2.4	4.2	245354	84.4013	9489.692044	
1988-10-01	5.4	3.8	245966	84.8027	9563.580516	
1989-01-01	4.1	4.3	246460	84.8817	9637.655055	
1989-04-01	3.1	3.7	247017	84.1117	9711.862488	
1989-07-01	3	3.9	247698	83.0423	9786.059985	
1989-10-01	0.8	2.7	248374	82.7612	9860.011412	
1990-01-01	4.4	2.8	248936	82.7598	9933.160668	
1990-04-01	1.5	2.4	249711	82.7825	10005.191	
1990-07-01	0.3	1.7	250595	82.6474	10075.35193	
1990-10-01	-3.6	0.6	251482	81.0212	10143.60708	
1991-01-01	-1.9	-1	252258	79.2415	10210.3138	
1991-04-01	3.2	-0.5	253063	79.4862	10275.38433	
1991-07-01	2	-0.1	253965	80.3995	10339.40166	
1991-10-01	1.4	1.2	254835	80.2662	10403.44307	
1992-01-01	4.9	2.9	255585	79.7454	10467.53224	
1992-04-01	4.4	3.2	256439	80.6717	10532.40179	
1992-07-01	4	3.7	257386	80.7599	10598.61706	
1992-10-01	4.2	4.4	258277	81.0784	10665.78356	
1993-01-01	0.7	3.3	259039	81.3865	10733.96018	
1993-04-01	2.3	2.8	259826	81.1756	10804.01648	
1993-07-01	1.9	2.3	260714	81.1059	10875.16202	
1993-10-01	5.6	2.6	261547	81.9118	10947.42502	
1994-01-01	3.9	3.4	262250	82.3474	11020.72941	
1994-04-01	5.5	4.2	263020	83.1582	11094.90679	
1994-07-01	2.4	4.3	263870	83.4397	11170.74646	
1994-10-01	4.7	4.1	264678	84.3083	11247.90841	
1995-01-01	1.4	3.5	265388	84.3569	11325.93806	
1995-04-01	1.2	2.4	266142	83.7756	11405.42678	
1995-07-01	3.5	2.7	267000	83.6796	11485.86699	
1995-10-01	2.7	2.2	267820	83.3581	11568.46189	
1996-01-01	3	2.6	268487	82.8385	11652.86137	
1996-04-01	6.8	4	269251	83.4664	11742.56188	
1996-07-01	3.6	4.1	270128	83.3845	11838.76089	
1996-10-01	4.2	4.4	270991	83.3399	11941.25553	
1997-01-01	2.6	4.3	271709	83.6826	12049.81291	
1997-04-01	6.8	4.3	272487	83.5696	12163.58429	
1997-07-01	5.1	4.7	273391	84.0684	12282.93704	
1997-10-01	3.5	4.5	274246	84.5931	12406.57853	
1998-01-01	4.1	4.9	274950	83.8877	12533.99076	
1998-04-01	3.8	4.1	275703	82.8595	12665.39293	
1998-07-01	5.1	4.1	276564	82.1056	12799.21371	
1998-10-01	6.6	4.9	277400	82.0549	12935.63458	
1999-01-01	3.8	4.8	278103	81.9072	13074.75048	
1999-04-01	3.4	4.7	278864	81.7258	13215.68444	
1999-07-01	5.4	4.8	279751	81.5718	13358.46112	
1999-10-01	6.7	4.8	280592	82.1437	13503.54349	
2000-01-01	1.5	4.2	281304	82.1072	13649.99176	
2000-04-01	7.5	5.2	282002	82.276	13792.73614	
2000-07-01	0.4	4	282769	81.4061	13929.502	
2000-10-01	2.4	2.9	283518	80.3854	14059.35651	
2001-01-01	-1.3	2.2	284169	78.6272	14182.387	
2001-04-01	2.5	1	284838	76.9291	14298.49751	
2001-07-01	-1.6	0.5	285584	75.2728	14407.70518	
2001-10-01	1.1	0.2	286311	73.9587	14510.93506	
2002-01-01	3.4	1.3	286935	74.1248	14608.73685	3501.118
2002-04-01	2.5	1.3	287574	75.0518	14702.8967	3608.496
2002-07-01	1.6	2.1	288303	75.4436	14795.13827	3650.253
2002-10-01	0.5	2	289007	75.4359	14886.17624	3712.845
2003-01-01	2.1	1.7	289609	75.9953	14977.19895	3582.767
2003-04-01	3.6	2	290253	75.5162	15069.0265	3680.929
2003-07-01	6.8	3.2	290974	76.0819	15161.01304	3753.431
2003-10-01	4.7	4.3	291669	76.8539	15254.33442	3860.185
2004-01-01	2.3	4.3	292237	77.436	15349.3686	3741.64
2004-04-01	3.1	4.2	292875	77.9207	15445.75949	3837.587
2004-07-01	3.8	3.5	293603	78.3778	15544.0956	3879.617
2004-10-01	4.1	3.4	294334	79.4377	15643.39944	3990.913
2005-01-01	4.5	3.9	294957	80.3838	15740.36208	3867.076
2005-04-01	2	3.6	295588	80.5729	15833.98635	3972.818
2005-07-01	3.2	3.4	296340	79.9063	15925.48397	4040.686
2005-10-01	2.2	3	297086	80.283	16014.16822	4107.378
2006-01-01	5.5	3.2	297736	80.6832	16099.61021	4003.482
2006-04-01	1	3	298408	80.7679	16182.6442	4116.718
2006-07-01	0.6	2.3	299180	80.6186	16261.61595	4111.947
2006-10-01	3.5	2.6	299946	80.2667	16336.38318	4201
2007-01-01	1.2	1.6	300609	80.5114	16413.08416	4063.753
2007-04-01	2.5	1.9	301284	80.9348	16492.81313	4184.414
2007-07-01	2.3	2.4	302062	80.7002	16575.36122	4208.612
2007-10-01	2.5	2.1	302829	80.921	16658.2616	4305.666
2008-01-01	-1.7	1.4	303494	80.8617	16741.83551	4182.537
2008-04-01	2.4	1.4	304160	79.8024	16824.00846	4226.589
2008-07-01	-2.1	0.3	304902	77.1346	16903.75132	4192.399
2008-10-01	-8.5	-2.5	305616	73.5965	16979.72738	4179.959
2009-01-01	-4.5	-3.2	306237	69.1611	17050.23362	3976.808
2009-04-01	-0.7	-4	306866	67.0458	17116.47772	4060.384
2009-07-01	1.4	-3.1	307573	68.1689	17178.97027	4102.854
2009-10-01	4.4	0.1	308285	69.4594	17239.53132	4209.064
2010-01-01	1.9	1.7	308901	71.1893	17300.29215	4055.062
2010-04-01	3.9	2.9	309488	73.0524	17362.17218	4188.706
2010-07-01	3.1	3.3	310148	74.4518	17426.50587	4229.41
2010-10-01	2.1	2.8	310817	75.0437	17492.53719	4316.573
2011-01-01	-0.9	2	311376	75.5523	17560.4955	4155.635
2011-04-01	2.7	1.7	311940	75.7758	17630.45708	4251.8
2011-07-01	-0.1	0.9	312606	76.3717	17702.57186	4273.162
2011-10-01	4.6	1.5	313258	76.7905	17776.28839	4371.813
2012-01-01	3.4	2.6	313813	77.1271	17851.54859	4279.816
2012-04-01	1.8	2.4	314373	77.1838	17928.8843	4345.706
2012-07-01	0.6	2.6	315030	76.7919	18007.78469	4376.682
2012-10-01	0.5	1.6	315685	76.825	18088.02803	4440.555
2013-01-01	4	1.7	316196	77.1019	18170.17776	4320.262
2013-04-01	1.1	1.5	316733	77.2003	18253.52756	4419.14
2013-07-01	3.5	2.2	317396	77.3187	18337.599	4486.445
2013-10-01	3.5	3	318072	77.6804	18422.91329	4586.321
2014-01-01	-1.4	1.7	318645	78.0467	18509.443	4403.178
2014-04-01	5.3	2.7	319228	78.9343	18597.08684	4532.342
2014-07-01	5	3.1	319919	79.1531	18686.78631	4616.61
2014-10-01	2	2.7	320611	79.4029	18777.72656	4709.584
2015-01-01	3.6	4	321168	78.3726	18869.77467	4562.381
2015-04-01	2.5	3.3	321744	77.2233	18963.01626	4696.817
2015-07-01	1.6	2.4	322428	77.2809	19056.83833	4741.07
2015-10-01	0.7	2.1	323110	76.2696	19150.9692	4799.354
2016-01-01	2.3	1.8	323689	75.7657	19245.2221	4641.851
2016-04-01	1.3	1.5	324265	75.4606	19339.74405	4768.308
2016-07-01	2.9	1.8	324926	75.5924	19434.06234	4819.182
2016-10-01	2.2	2.2	325557	75.5083	19528.05803	4912.331
2017-01-01	2	2.1	326053	75.5882	19622.17184	4698.367
2017-04-01	2.3	2.3	326554	76.7989	19717.08385	4893.234
2017-07-01	3.2	2.4	327140	76.7608	19814.50161	4950.878
2017-10-01	4.6	3	327692	78.1129	19914.26761	5069.624
2018-01-01	3.3	3.3	328091	78.7564	20016.54317	4890.817
2018-04-01	2.1	3.3	328526	79.7734	20121.67138	5039.983
2018-07-01	2.5	3.1	329040	80.4005	20228.12968	5092.532
2018-10-01	0.6	2.1	329522	80.3809	20335.09873	5170.563
2019-01-01	2.5	1.9	329868	79.4163	20443.03304	4973.048
2019-04-01	3.4	2.2	330245	78.7309	20551.11493	5159.323
2019-07-01	4.8	2.8	330729	78.5013	20658.99661	5232.278
2019-10-01	2.8	3.4	331208	77.9124	20763.9792	5351.022
2020-01-01	-5.5	1.3	331545	76.539	20867.2769	5049.973
2020-04-01	-28.1	-7.5	331765	66.8603	20970.42195	4783.855
2020-07-01	35.2	-1.4	331938	73.3269	21071.76263	5134.93
2020-10-01	4.4	-1	332111	74.9612	21174.33034	5298.828
2021-01-01	5.6	1.8	332056	75.6483	21277.70315	5133.377
2021-04-01	6.4	12.2	332217	77.3425	21382.89835	5360.97
2021-07-01	3.5	5	332634	78.2702	21493.01915	5408.478
2021-10-01	7.4	5.7	333113	79.5295	21606.08076	5591.973
2022-01-01	-1	4	333476	80.401	21722.0248	5337.277
2022-04-01	0.3	2.5	333979	81.0732	21840.56636	5484.289
2022-07-01	2.7	2.3	334653	81.0209	21961.53508	5544.386
2022-10-01	3.4	1.3	335382	80.1648	22084.92536	5668.877
2023-01-01	2.8	2.3	336018	79.5997	22208.24254	5469.175
2023-04-01	2.4	2.8	336685	79.1282	22333.11239	5646.288
2023-07-01	4.4	3.2	337500	78.9305	22459.74068	5724.051
2023-10-01	3.2	3.2	338360	78.2766	22588.18459	5831.583
2024-01-01	1.6	2.9	339119	77.7036	22718.13	5638.455
2024-04-01	3	3	339929	77.9731	22849.87	5817.169
2024-07-01	3.1	2.7	340637	77.631	22981.32	5866.841
2024-10-01	2.4	2.5	341164	77.1272	23113.34	6001.654
2025-01-01	-0.5	2	341590	77.6545	23243.22	5746.992
2025-04-01	3	2	342034	77.5708	23376.07	5925.44
1947-01-01			143143			
2025-07-01					23510.18	
2025-10-01					23644.63	
2026-01-01					23778.89	
2026-04-01					23912.77	
2026-07-01					24046.37	
2026-10-01					24179.8	
2027-01-01					24312.91	
2027-04-01					24445.5	
2027-07-01					24577.97	
2027-10-01					24710.19	
2028-01-01					24842.2	
2028-04-01					24974.37	
2028-07-01					25106.47	
2028-10-01					25238.27	
2029-01-01					25369.76	
2029-04-01					25500.89	
2029-07-01					25631.06	
2029-10-01					25760.37	
2030-01-01					25888.96	
2030-04-01					26016.78	
2030-07-01					26143.92	
2030-10-01					26270.55	
2031-01-01					26396.94	
2031-04-01					26523.07	
2031-07-01					26648.83	
2031-10-01					26774.35	
2032-01-01					26899.74	
2032-04-01					27024.61	
2032-07-01					27148.95	
2032-10-01					27273.05	
2033-01-01					27395.76	
2033-04-01					27520.11	
2033-07-01					27644.47	
2033-10-01					27768.74	
2034-01-01					27892.72	
2034-04-01					28016.45	
2034-07-01					28140.02	
2034-10-01					28263.47	
2035-01-01					28387.01	
2035-04-01					28510.69	
2035-07-01					28634.31	
2035-10-01					28757.74	
