DATE	A191RL1Q225SBEA	A191RO1Q156NBEA	B230RC0Q173SBEA	CAPUTLB50001SQ	GDPPOT	ND000334Q
1947-01-01			143143			
1947-04-01	-1.0		143790			
1947-07-01	-0.8		144449			
1947-10-01	6.4		145122			
1948-01-01	6.2	2.6	145709			
1948-04-01	6.8	4.6	146289			
1948-07-01	2.3	5.4	146921			
1948-10-01	0.4	3.9	147607			
1949-01-01	-5.4	0.9	148254		2103.1799360000000	
1949-04-01	-1.4	-1	148847		2130.7327210000003	
1949-07-01	4.2	-0.6	149485		2159.4478710000003	
1949-10-01	-3.3	-1.5	150167		2186.9072650000000	
1950-01-01	16.7	3.8	150786		2216.0730600000000	
1950-04-01	12.8	7.3	151319		2245.4417800000000	
1950-07-01	16.4	10.3	151973		2274.9798680000000	
1950-10-01	7.9	13.4	152658		2305.8448200000000	
1951-01-01	5.5	10.6	153291		2337.2011079999997	
1951-04-01	7.1	9.2	153902		2368.5988110000000	
1951-07-01	8.5	7.3	154610		2401.2857059999997	
1951-10-01	0.9	5.5	155344		2435.2484230000000	
1952-01-01	4.3	5.2	155976		2469.4578260000003	
1952-04-01	0.9	3.6	156587		2504.8760829999997	
1952-07-01	2.9	2.2	157267		2537.6973050000000	
1952-10-01	13.8	5.4	157986		2568.5871440000000	
1953-01-01	7.6	6.2	158574		2596.4583480000000	
1953-04-01	3.1	6.8	159160		2622.5168810000000	
1953-07-01	-2.2	5.4	159889		2645.8690710000000	
1953-10-01	-5.9	0.5	160639		2666.7979210000003	
1954-01-01	-1.9	-1.8	161328		2686.4890739999996	
1954-04-01	0.4	-2.4	161983		2704.2725420000000	
1954-07-01	4.6	-0.8	162731		2721.0743020000000	
1954-10-01	8.1	2.7	163524		2738.3104690000000	
1955-01-01	11.9	6.2	164204		2755.0167660000000	
1955-04-01	6.7	7.8	164864		2772.8642690000000	
1955-07-01	5.5	8.0	165612		2790.4606900000000	
1955-10-01	2.4	6.6	166419		2808.7178690000000	
1956-01-01	-1.5	3.2	167109		2827.2744070000000	
1956-04-01	3.3	2.4	167788		2845.6566780000003	
1956-07-01	-0.4	0.9	168573		2864.9352220000000	
1956-10-01	6.7	2.0	169416		2885.2697900000000	
1957-01-01	2.6	3.1	170172		2907.3381449999997	
1957-04-01	-0.9	2.0	170869		2930.8449100000003	
1957-07-01	4.0	3.1	171638		2955.4455220000000	
1957-10-01	-4.1	0.4	172417		2981.2296190000000	
1958-01-01	-10.0	-2.9	173064		3007.2554990000000	
1958-04-01	2.7	-2	173729		3034.3149840000000	
1958-07-01	9.6	-0.7	174483		3061.8041490000000	
1958-10-01	9.7	2.7	175288		3090.7007329999997	
1959-01-01	7.9	7.4	176045		3120.0557810000000	
1959-04-01	9.3	9.1	176727		3150.3766900000000	
1959-07-01	0.3	6.7	177481		3182.3780840000000	
1959-10-01	1.1	4.6	178268		3214.5699250000000	
1960-01-01	9.3	4.9	179319		3247.5902120000000	
1960-04-01	-2.1	2.1	180401		3280.3226550000000	
1960-07-01	2.0	2.5	181301		3313.2392340000000	
1960-10-01	-5.0	0.9	182019		3345.8650710000000	
1961-01-01	2.7	-0.7	182634		3378.9380409999994	
1961-04-01	7.0	1.6	183337		3411.2015070000000	
1961-07-01	7.9	3.0	184103		3444.8756750000000	
1961-10-01	8.1	6.4	184894		3478.8662920000000	
1962-01-01	7.3	7.6	185553		3513.9470610000000	
1962-04-01	3.7	6.7	186203		3549.9370670000003	
1962-07-01	5.0	6.0	186926		3586.8420560000004	
1962-10-01	1.3	4.3	187680		3624.4379590000003	
1963-01-01	4.4	3.6	188299		3662.5489000000000	
1963-04-01	4.6	3.8	188906		3701.4911950000005	
1963-07-01	9.1	4.8	189631		3741.1609210000000	
1963-10-01	2.6	5.2	190362		3781.6316409999995	
1964-01-01	8.7	6.2	190954		3822.1755220000000	
1964-04-01	4.4	6.2	191560		3863.6883660000000	
1964-07-01	6.4	5.5	192256		3905.6222770000004	
1964-10-01	1.2	5.2	192938		3947.7588440000000	
1965-01-01	10.0	5.5	193467		3991.1421979999996	
1965-04-01	5.1	5.7	193994		4033.8666000000000	
1965-07-01	9.2	6.3	194647		4078.2504130000000	
1965-10-01	9.5	8.5	195279		4123.1726960000005	
1966-01-01	10.1	8.5	195763		4168.8714390000005	
1966-04-01	1.4	7.5	196277		4215.1975720000000	
1966-07-01	3.4	6.0	196877		4262.2575050000000	
1966-10-01	3.3	4.5	197481		4309.1631570000000	
1967-01-01	3.6	2.9	197967	88.1495	4356.8328460000000	
1967-04-01	0.2	2.6	198455	86.6086	4404.8369520000010	
1967-07-01	3.8	2.7	199012	86.0431	4453.1705390000000	
1967-10-01	3.0	2.7	199572	87.1866	4502.6854280000000	
1968-01-01	8.4	3.8	199995	87.3361	4552.7925829999995	
1968-04-01	6.9	5.5	200452	87.4700	4603.0348660000000	
1968-07-01	3.1	5.3	200997	87.1231	4654.4618940000000	
1968-10-01	1.6	5.0	201538	87.4266	4706.7307750000000	
1969-01-01	6.4	4.5	201955	88.1385	4757.5023980000000	
1969-04-01	1.2	3.1	202419	87.5774	4806.3099219999995	
1969-07-01	2.7	3.0	202986	87.6909	4852.8884640000000	
1969-10-01	-1.9	2.0	203584	86.2296	4897.6381710000005	
1970-01-01	-0.6	0.3	204086	83.3071	4940.6960050000000	
1970-04-01	0.6	0.2	204721	82.0766	4981.9611270000005	
1970-07-01	3.7	0.4	205419	81.0273	5021.8653340000000	
1970-10-01	-4.2	-0.2	206130	78.5475	5060.8460110000000	
1971-01-01	11.3	2.7	206763	79.3930	5099.8675140000005	
1971-04-01	2.2	3.1	207362	79.5023	5139.6643590000000	
1971-07-01	3.3	3.0	208000	79.1454	5180.0199680000000	
1971-10-01	0.9	4.4	208642	80.3725	5221.0491310000010	
1972-01-01	7.6	3.5	209142	83.1677	5262.8482049999990	
1972-04-01	9.4	5.3	209637	84.1440	5305.1991149999990	
1972-07-01	3.8	5.4	210181	84.5563	5348.2336020000000	
1972-10-01	6.9	6.9	210737	86.7611	5391.9317160000000	
1973-01-01	10.3	7.6	211192	88.3762	5436.6381320000000	
1973-04-01	4.4	6.3	211663	88.2195	5483.4791190000000	
1973-07-01	-2.1	4.8	212191	88.0741	5530.8238880000000	
1973-10-01	3.8	4.0	212708	88.5256	5579.1916840000000	
1974-01-01	-3.4	0.6	213144	86.9725	5628.2080670000005	
1974-04-01	1.0	-0.2	213602	86.3534	5677.5352920000005	
1974-07-01	-3.7	-0.6	214147	85.4471	5726.2214130000000	
1974-10-01	-1.5	-1.9	214700	81.5908	5774.2257060000000	
1975-01-01	-4.8	-2.3	215135	75.8130	5820.9492490000000	
1975-04-01	2.9	-1.8	215652	74.4258	5866.6981070000000	
1975-07-01	7.0	0.8	216289	75.8675	5912.0394670000005	
1975-10-01	5.5	2.6	216848	77.0905	5957.4429830000000	
1976-01-01	9.3	6.2	217314	78.9751	6002.7793190000000	
1976-04-01	3.0	6.2	217776	79.4579	6048.8705979999995	
1976-07-01	2.2	5.0	218338	79.9709	6096.3972049999990	
1976-10-01	2.9	4.3	218917	80.8490	6144.6966130000000	
1977-01-01	4.8	3.2	219427	81.9389	6194.5390020000000	
1977-04-01	8.0	4.5	219956	83.8416	6245.5831250000000	
1977-07-01	7.4	5.8	220573	84.0707	6297.3865450000000	
1977-10-01	0.0	5.0	221201	83.9082	6350.6198290000000	
1978-01-01	1.3	4.1	221719	82.9589	6405.1713800000000	
1978-04-01	16.4	6.1	222281	85.5658	6460.8245950000000	
1978-07-01	4.1	5.2	222933	85.5926	6518.0256970000000	
1978-10-01	5.5	6.7	223583	86.4161	6576.1825190000000	
1979-01-01	0.7	6.5	224152	86.1031	6635.9906299999990	
1979-04-01	0.4	2.7	224737	85.2775	6693.7705170000000	
1979-07-01	3.0	2.4	225418	84.4502	6748.7123670000000	
1979-10-01	1.0	1.3	226117	84.2385	6800.2268819999990	
1980-01-01	1.3	1.4	226754	84.0845	6847.6343030000000	
1980-04-01	-8.0	-0.8	227389	80.0528	6890.3387420000000	
1980-07-01	-0.5	-1.6	228070	78.2557	6928.3033200000000	
1980-10-01	7.7	0.0	228689	80.7231	6968.3073970000000	
1981-01-01	8.1	1.6	229155	80.3262	7012.4548560000000	
1981-04-01	-2.9	3.0	229674	79.9532	7059.6875040000000	
1981-07-01	4.9	4.3	230301	80.1037	7109.5398370000000	
1981-10-01	-4.3	1.3	230903	77.7863	7161.9275870000000	
1982-01-01	-6.1	-2.2	231395	75.6902	7216.2276660000000	
1982-04-01	1.8	-1.0	231906	74.3143	7271.8531530000000	
1982-07-01	-1.5	-2.6	232498	72.9402	7328.4943870000010	
1982-10-01	0.2	-1.4	233074	71.3607	7386.2437640000000	
1983-01-01	5.4	1.4	233546	72.0639	7443.8962840000000	
1983-04-01	9.4	3.3	234028	73.5856	7502.9195160000000	
1983-07-01	8.2	5.7	234603	76.0184	7563.6466480000010	
1983-10-01	8.6	7.9	235153	77.8633	7626.8250180000005	
1984-01-01	8.1	8.6	235605	79.8797	7692.4618680000000	
1984-04-01	7.1	8.0	236082	80.7262	7760.5150310000000	
1984-07-01	3.9	6.9	236657	80.8082	7830.2271260000010	
1984-10-01	3.3	5.6	237232	80.2812	7901.1672530000005	
1985-01-01	3.9	4.6	237673	79.9385	7972.4558180000000	
1985-04-01	3.6	3.7	238176	79.3957	8044.1793540000010	
1985-07-01	6.2	4.3	238789	78.7586	8115.9123140000000	
1985-10-01	3.0	4.2	239387	78.7981	8187.1696000000000	
1986-01-01	3.8	4.1	239861	78.9632	8257.9036130000000	
1986-04-01	1.8	3.7	240368	78.2469	8328.2562770000000	
1986-07-01	3.9	3.1	240962	78.3203	8398.4626860000000	
1986-10-01	2.2	2.9	241539	78.9103	8468.4129370000010	
1987-01-01	3.0	2.7	242009	79.5467	8537.8653920000000	
1987-04-01	4.4	3.4	242520	80.4522	8606.7217030000000	
1987-07-01	3.5	3.3	243120	81.4755	8675.1239690000000	
1987-10-01	7.0	4.5	243721	83.0755	8743.4669220000000	
1988-01-01	2.1	4.2	244208	83.5817	8811.1632270000000	
1988-04-01	5.4	4.5	244716	84.1588	8878.9066240000000	
1988-07-01	2.4	4.2	245354	84.3482	8946.2896989999990	
1988-10-01	5.4	3.8	245966	84.7655	9013.7110890000000	
1989-01-01	4.1	4.3	246460	84.8285	9080.7249130000000	
1989-04-01	3.1	3.7	247017	84.0755	9147.6093090000000	
1989-07-01	3.0	3.9	247698	83.0202	9214.2310150000010	
1989-10-01	0.8	2.7	248374	82.8015	9280.7090800000000	
1990-01-01	4.4	2.8	248936	82.7886	9346.4010610000000	
1990-04-01	1.5	2.4	249711	82.8994	9411.5407600000000	
1990-07-01	0.3	1.7	250595	82.8125	9475.3454750000000	
1990-10-01	-3.6	0.6	251482	81.1837	9537.7642130000000	
1991-01-01	-1.9	-1.0	252258	79.3696	9599.2288940000000	
1991-04-01	3.2	-0.5	253063	79.5803	9659.5824569999990	
1991-07-01	2.0	-0.1	253965	80.4358	9719.3954450000000	
1991-10-01	1.4	1.2	254835	80.2974	9779.4119209999990	
1992-01-01	4.9	2.9	255585	79.7760	9839.6952640000000	
1992-04-01	4.4	3.2	256439	80.6892	9900.9037240000000	
1992-07-01	4.0	3.7	257386	80.7853	9963.6111150000000	
1992-10-01	4.2	4.4	258277	81.1595	10027.1780800000000	
1993-01-01	0.7	3.3	259039	81.4695	10091.8314400000000	
1993-04-01	2.3	2.8	259826	81.3046	10158.0950200000000	
1993-07-01	1.9	2.3	260714	81.2694	10225.2150599999990	
1993-10-01	5.6	2.6	261547	82.0680	10293.3443800000000	
1994-01-01	3.9	3.4	262250	82.5367	10362.1508300000000	
1994-04-01	5.5	4.2	263020	83.3533	10431.4538700000010	
1994-07-01	2.4	4.3	263870	83.6367	10502.0394000000000	
1994-10-01	4.7	4.1	264678	84.5304	10573.5039700000000	
1995-01-01	1.4	3.5	265388	84.5348	10645.4471800000000	
1995-04-01	1.2	2.4	266142	83.9221	10718.3840400000000	
1995-07-01	3.5	2.7	267000	83.7571	10791.9758200000000	
1995-10-01	2.7	2.2	267820	83.4625	10867.2495100000000	
1996-01-01	3.0	2.6	268487	82.9378	10943.8466600000000	
1996-04-01	6.8	4.0	269251	83.5735	11025.2281300000000	
1996-07-01	3.6	4.1	270128	83.4937	11112.4128300000000	
1996-10-01	4.2	4.4	270991	83.4721	11205.0791300000000	
1997-01-01	2.6	4.3	271709	83.8233	11303.1523000000000	
1997-04-01	6.8	4.3	272487	83.7094	11405.9547700000000	
1997-07-01	5.1	4.7	273391	84.1827	11513.8302100000000	
1997-10-01	3.5	4.5	274246	84.6988	11625.6208400000010	
1998-01-01	4.1	4.9	274950	84.0025	11741.0085100000000	
1998-04-01	3.8	4.1	275703	82.9740	11859.9871900000000	
1998-07-01	5.1	4.1	276564	82.1720	11981.3711300000000	
1998-10-01	6.6	4.9	277400	82.1199	12104.9538800000000	
1999-01-01	3.8	4.8	278103	81.9166	12231.2362400000000	
1999-04-01	3.1	4.7	278864	81.7053	12359.0309200000010	
1999-07-01	5.3	4.7	279751	81.5134	12488.9319299999990	
1999-10-01	7.0	4.8	280592	82.0620	12620.9824800000000	
2000-01-01	1.5	4.2	281304	82.0312	12754.3607799999990	
2000-04-01	7.5	5.3	282002	82.1862	12885.1241799999990	
2000-07-01	0.5	4.1	282769	81.3034	13011.3533900000000	
2000-10-01	2.5	3.0	283518	80.3557	13131.9405099999990	
2001-01-01	-1.1	2.3	284169	78.5562	13247.0507900000010	
2001-04-01	2.4	1.1	284838	76.8863	13356.2310500000000	
2001-07-01	-1.7	0.5	285584	75.2413	13459.7427600000000	
2001-10-01	1.1	0.2	286311	73.9597	13557.7554400000000	
2002-01-01	3.5	1.3	286935	74.1121	13651.0574300000000	3264.061
2002-04-01	2.4	1.3	287574	75.0039	13741.1641900000010	3363.525
2002-07-01	1.8	2.2	288303	75.3277	13829.1605400000000	3401.800
2002-10-01	0.6	2.1	289007	75.3119	13915.9970500000000	3463.678
2003-01-01	2.2	1.8	289609	75.8529	14002.4307300000020	3342.362
2003-04-01	3.5	2.0	290253	75.3738	14089.7034800000020	3432.912
2003-07-01	7.0	3.3	290974	75.9427	14177.4391400000000	3501.294
2003-10-01	4.7	4.3	291669	76.7304	14266.4515400000000	3602.561
2004-01-01	2.2	4.3	292237	77.3093	14357.4706599999990	3486.566
2004-04-01	3.1	4.2	292875	77.7898	14450.3877099999990	3578.905
2004-07-01	3.8	3.4	293603	78.2312	14545.5300900000000	3617.100
2004-10-01	4.1	3.3	294334	79.2795	14642.1188000000000	3723.813
2005-01-01	4.5	3.9	294957	80.2500	14737.0669200000000	3605.815
2005-04-01	1.9	3.6	295588	80.3988	14829.4116500000000	3703.346
2005-07-01	3.6	3.5	296340	79.7218	14920.2288400000000	3768.864
2005-10-01	2.6	3.1	297086	80.1727	15008.9441300000020	3834.484
2006-01-01	5.4	3.4	297736	80.6048	15095.1715500000000	3737.475
2006-04-01	0.9	3.1	298408	80.7422	15179.3501900000010	3841.314
2006-07-01	0.6	2.4	299180	80.6179	15259.8189900000000	3836.379
2006-10-01	3.5	2.6	299946	80.2690	15336.4256000000000	3923.089
2007-01-01	0.9	1.5	300609	80.4111	15412.3532199999990	3792.335
2007-04-01	2.3	1.8	301284	80.8821	15488.0187699999990	3897.638
2007-07-01	2.2	2.2	302062	80.7762	15563.8453900000000	3922.290
2007-10-01	2.5	2.0	302829	80.9464	15638.7999200000000	4013.767
2008-01-01	-2.3	1.1	303494	80.7542	15712.5879300000020	3900.698
2008-04-01	2.1	1.1	304160	79.7066	15783.6793600000000	3923.096
2008-07-01	-2.1	0.0	304902	77.0658	15850.8659099999990	3896.771
2008-10-01	-8.4	-2.8	305616	73.5786	15913.8326300000000	3884.122
2009-01-01	-4.4	-3.3	306237	69.2223	15971.4350600000000	3697.980
2009-04-01	-0.6	-3.9	306866	67.1080	16025.0084800000000	3775.754
2009-07-01	1.5	-3.0	307573	68.1631	16075.4178800000000	3815.306
2009-10-01	4.5	0.2	308285	69.4994	16124.3639300000010	3919.793
2010-01-01	1.5	1.7	308901	71.2870	16173.5749700000000	3769.299
2010-04-01	3.7	2.8	309460	73.1783	16224.4293300000000	3888.466
2010-07-01	3.0	3.2	310062	74.5703	16277.7151900000000	3930.071
2010-10-01	2.0	2.6	310675	75.0950	16333.1598900000000	4010.917
2011-01-01	-1.0	1.9	311176	75.6046	16390.9473200000000	3860.254
2011-04-01	2.9	1.7	311684	75.7999	16450.9393000000000	3945.183
2011-07-01	-0.1	0.9	312293	76.4025	16513.2573200000000	3969.697
2011-10-01	4.7	1.6	312887	76.7662	16577.2776600000000	4065.531
2012-01-01	3.2	2.7	313385	77.0617	16642.8707699999980	3976.161
2012-04-01	1.7	2.4	313888	77.1253	16710.4678700000000	4032.923
2012-07-01	0.5	2.5	314488	76.7388	16779.6557500000000	4066.059
2012-10-01	0.5	1.5	315085	76.7695	16850.1490600000000	4121.865
2013-01-01	3.6	1.6	315539	77.0309	16921.8141100000000	4005.733
2013-04-01	0.5	1.3	316020	77.0757	16994.8586500000000	4089.075
2013-07-01	3.2	1.9	316626	77.1222	17068.5520100000000	4153.739
2013-10-01	3.2	2.6	317244	77.4520	17143.4414900000000	4246.823
2014-01-01	-1.1	1.4	317760	77.8432	17219.3262599999980	4071.388
2014-04-01	5.5	2.7	318287	78.6386	17296.1520900000000	4191.344
2014-07-01	5.0	3.1	318921	78.7987	17374.2326599999980	4283.137
2014-10-01	2.3	2.9	319557	79.0012	17453.0340699999980	4366.169
2015-01-01	3.8	4.1	320058	78.1413	17532.1131300000000	4221.432
2015-04-01	2.7	3.5	320578	76.9209	17611.1780800000000	4354.165
2015-07-01	1.5	2.6	321205	76.8114	17689.6032400000000	4400.611
2015-10-01	0.6	2.2	321831	75.7533	17766.7600000000000	4455.961
2016-01-01	2.3	1.8	322354	75.2987	17843.1500000000000	4291.702
2016-04-01	1.3	1.4	322871	74.7720	17918.1500000000000	4418.968
2016-07-01	2.2	1.6	323473	74.9959	17991.9700000000000	4470.421
2016-10-01	2.5	2.1	324048	75.1227	18065.0500000000000	4549.417
2017-01-01	2.3	2.1	324496	75.4760	18137.7000000000000	4354.988
2017-04-01	1.7	2.2	324948	76.4628	18211.0700000000000	4527.108
2017-07-01	2.9	2.4	325475	76.2727	18287.1300000000000	4583.646
2017-10-01	3.9	2.7	325963	77.5913	18365.2900000000000	4678.362
2018-01-01	3.8	3.1	326325	77.8704	18446.4000000000000	4508.918
2018-04-01	2.7	3.3	326703	78.4790	18530.5100000000000	4666.811
2018-07-01	2.1	3.1	327167	79.1048	18617.4200000000000	4720.382
2018-10-01	1.3	2.5	327602	79.4413	18705.5300000000000	4791.676
2019-01-01	2.9	2.3	327923	78.6205	18794.8200000000000	4603.316
2019-04-01	1.5	2.0	328270	77.7515	18885.4800000000000	4764.428
2019-07-01	2.6	2.1	328730	77.5650	18976.4900000000000	4813.751
2019-10-01	2.4	2.3	329186	77.2437	19065.5800000000000	4910.167
2020-01-01	-5.0	0.3	329529	75.7863	19153.9800000000000	4628.733
2020-04-01	-31.4	-9.0	329898	65.9734	19242.0400000000000	4333.810
2020-07-01	33.4	-2.8	330368	72.2392	19327.3100000000000	4687.826
2020-10-01	4.0	-2.5	330835	74.0270	19414.1600000000000	4815.424
2021-01-01					19502.7600000000000	
2021-04-01					19594.2200000000000	
2021-07-01					19687.7000000000000	
2021-10-01					19783.1400000000000	
2022-01-01					19879.5900000000000	
2022-04-01					19975.4500000000000	
2022-07-01					20069.8600000000000	
2022-10-01					20163.7100000000000	
2023-01-01					20257.3200000000000	
2023-04-01					20351.1700000000000	
2023-07-01					20446.0200000000000	
2023-10-01					20541.6900000000000	
2024-01-01					20637.9500000000000	
2024-04-01					20734.1400000000000	
2024-07-01					20830.5200000000000	
2024-10-01					20927.1300000000000	
2025-01-01					21023.6100000000000	
2025-04-01					21118.8800000000000	
2025-07-01					21213.5100000000000	
2025-10-01					21307.4300000000000	
2026-01-01					21400.7000000000000	
2026-04-01					21493.1200000000000	
2026-07-01					21585.4000000000000	
2026-10-01					21677.7500000000000	
2027-01-01					21770.3200000000000	
2027-04-01					21862.9400000000000	
2027-07-01					21956.0500000000000	
2027-10-01					22049.4800000000000	
2028-01-01					22143.3400000000000	
2028-04-01					22238.3200000000000	
2028-07-01					22334.3300000000000	
2028-10-01					22431.3700000000000	
2029-01-01					22529.3700000000000	
2029-04-01					22628.0500000000000	
2029-07-01					22726.6500000000000	
2029-10-01					22825.1100000000000	
2030-01-01					22923.5800000000000	
2030-04-01					23022.0700000000000	
2030-07-01					23120.6300000000000	
2030-10-01					23219.3500000000000	
2031-01-01					23318.3100000000000	
2031-04-01					23417.3800000000000	
2031-07-01					23516.3800000000000	
2031-10-01					23615.2800000000000	
